1841365804,
-1469884561,
-2011069999,
-1618019288,
-444712153,
-929556563,
1692179780,
-1777967502,
1543088953,
-920218073,
-1627799811,
-636397368,
-370260146,
2143016629,
1482135738,
-436706342,
-769007313,
-509620441,
-1839947852,
-1623389975,
1130118731,
-1625308223,
-1139236351,
2018923860,
-375700039,
-1109559578,
-1659384263,
1183347570,
1777175165,
431300626,
332140892,
1197243555,
1602008585,
681008653,
-1458835725,
1543166113,
-1943693561,
-1445750691,
1966356340,
-235160037,
758372437,
-1876786181,
-1479786262,
-1100568444,
-1787583408,
-293093558,
1923253717,
-1043146969,
-1616660395,
-1508067004,
-1864774066,
-1054332546,
1408674949,
625367030,
-281196689,
-962532156,
1358590919,
-1963322834,
-1884017423,
2141351625,
-2010556398,
-1177653135,
-200021739,
-1626641916,
-1999112468,
1373514034,
-1491480888,
1576312558,
-1922563539,
-1790686143,
-1153183231,
-405721459,
1860159752,
208351617,
-791551379,
-408843698,
1988283723,
1825513182,
-860894130,
-1815802600,
738715877,
426826109,
1805763488,
-635203171,
-305281111,
1329829428,
906755453,
-1607886350,
-1892239024,
614792507,
-1689257023,
782687329,
-463396924,
1487222052,
-1639944463,
-1303885442,
167902619,
550512904,
416731736,
1667489655,
544958689,
-1048019454,
845424243,
744349360,
-492771814,
-1994920991,
-752325234,
441725839,
121106310,
2006969624,
819121838,
825633171,
1214459046,
1632696825,
-1423539535,
1614527403,
-1844765185,
201179938,
622784436,
-552528443,
-1874902755,
-1065148617,
-2018535756,
-1807737948,
1018622170,
181706705,
-1109215369,
-1012201226,
1061783007,
738787765,
-119288148,
-175604059,
-592872597,
-1077875640,
-2085531055,
746754413,
-1322869677,
-1393183678,
-1543286700,
1369419182,
-1091077047,
15013282,
-1632971907,
2142594178,
415940960,
1420433633,
-1148702070,
731018770,
509936079,
-631072918,
1182051739,
990817573,
1377319412,
-658238648,
-648151600,
-117153799,
-13754724,
-621160928,
1855503152,
-1876907434,
2066665345,
164727650,
-1420247860,
-1078676257,
-1031688685,
1373292987,
-1081288925,
-712794710,
-1803658117,
728842189,
72195272,
1932383763,
1340090588,
82868258,
-219871935,
781453773,
1995335899,
-1614059427,
242163250,
-275193031,
-2033153695,
-969850958,
930228923,
-599113478,
1202509471,
-343136105,
-1915824867,
1408217289,
-945995694,
-708972101,
1481594531,
-1559936123,
829791815,
-758525385,
1546041791,
-888729971,
-972343007,
769244419,
2071154,
-1839010222,
-1822057638,
847312810,
-1991505679,
-2010423769,
-2059604345,
-1392187327,
-1744932219,
1165982043,
95054047,
1167085205,
-705841998,
-649496184,
1345556221,
-1849402205,
-270221669,
1664501293,
-1935585819,
928932428,
-1870633820,
-1243747974,
-1096797884,
-488636343,
344214105,
-1086456213,
322386427,
1100158555,
913966734,
522480664,
1509365982,
773972167,
1960568262,
-29752758,
-845426248,
361691393,
-1640042792,
-79574191,
1123486354,
2128620967,
-1073345073,
135997204,
1972996916,
-41261648,
-664631022,
-765328536,
1276555500,
-1931738395,
-1308351292,
-446052955,
1780800141,
-192514161,
1763547245,
-100353674,
1502220474,
-348191887,
1552431833,
-581756687,
-1678479772,
-277230600,
-182712256,
1207042535,
2077363600,
1858192304,
1459578534,
-879498116,
-650871715,
-1251797766,
-16495484,
1536259833,
638058053,
423953404,
-1486967384,
-1365599520,
2057772450,
-282362920,
-581283239,
-375546048,
358044020,
-1738032353,
594836670,
1601854539,
-1396458655,
-1954360441,
-1566572417,
997041189,
-78167556,
-874254116,
-2134855508,
1049224446,
-1884845239,
773823284,
1272268766,
1078941794,
-1053385855,
-675518362,
1192570523,
1623675855,
820583441,
621596860,
733594622,
615222919,
1173065448,
-41608473,
1619070103,
1935372456,
-224333326,
1240437555,
863103887,
1609482105,
-841378081,
-682589701,
256395792,
467024645,
1262039848,
1215206750,
1802621155,
-1888485138,
-157324206,
-1777618382,
-1461053350,
352241786,
-371825548,
-31104968,
-1446022545,
1104169969,
-436270345,
-1806482031,
-1820871891,
-1454345429,
862664093,
198010225,
1432263502,
193729380,
-1760442940,
-435481071,
-1463957211,
1971279954,
-1127653910,
981918186,
-818392130,
-625399175,
-1657115789,
-1941780449,
1359115330,
-1902238019,
-566130518,
191598650,
-292560480,
-2060780743,
1887927045,
-1674500837,
1566163562,
1086274894,
-1113304660,
-1563088084,
-721987332,
-109638403,
1534552124,
-145734183,
-405615134,
-1674897031,
867586503,
1140965439,
1131789435,
1351867127,
1850798111,
702844195,
1174365657,
-259648055,
-1033290925,
-1124085211,
-2096058901,
990640810,
1887534458,
-1535610316,
1754810078,
645888091,
1768687278,
1980517188,
-441733441,
-369126802,
-1531732645,
-870900930,
-650124444,
-1578905247,
-2031866183,
1389117496,
-564203380,
-1586618387,
1485800342,
1280296933,
-442123195,
-148067936,
442629465,
923566671,
-1297631858,
-1769828695,
-1520984254,
-1387525181,
1837910332,
1223131378,
-1335760906,
-873397749,
-803978975,
-1713660300,
2060664634,
1870846178,
930312553,
-1836180283,
-185795586,
364773796,
-464693177,
1393203701,
171525789,
-707634619,
-1511418927,
2141857435,
1814715235,
-2052778109,
-274771415,
2143444266,
-351473329,
369794655,
633675740,
-1352787320,
401852697,
1983905992,
-1402685298,
-1099912223,
-534861706,
-550301287,
-1278689835,
1840088503,
-507558503,
1822639046,
-806061979,
-381953987,
-148707587,
68470993,
1718880110,
-48327451,
2020588385,
187867778,
-604659135,
-341919433,
-644796908,
-1613521962,
-16592839,
-2071006492,
-237061262,
1587633463,
1899674328,
1243410715,
-1984099922,
966791149,
584908336,
-1772751078,
-399423023,
281560276,
1468439428,
1221166087,
1935353089,
1137447503,
83423790,
252584959,
-79054330,
406560124,
-1210260798,
-1164329361,
-1427869942,
-775126360,
-185433997,
-1147144797,
-1763140704,
-1362439931,
1497363637,
146697116,
1938378503,
-2014212710,
2144893219,
-815267803,
-1639008594,
-1269567110,
167676835,
-293774296,
-1482233606,
-1763715272,
-1930247992,
-1265476035,
645011527,
647302041,
-1041049481,
-1153090429,
1810919981,
202667403,
654506188,
704999347,
-1206374652,
31803734,
1951740734,
-1443513487,
-1447127639,
-537019631,
1891743744,
-210376731,
-1419315327,
-1308629930,
-100377686,
26607754,
691464381,
-244133575,
-1717939432,
-1719784379,
247412959,
894101621,
-144356974,
1089696441,
-935497859,
-1919671576,
-2048445139,
-657259815,
854708549,
943965761,
591170928,
-1948070210,
929182016,
979277559,
1144047673,
1760530618,
1730286170,
-1174686340,
-568114975,
-300053076,
-633545438,
964401842,
1462824350,
-1278039915,
-1494798899,
1036904349,
-1669757143,
-856319125,
-454525312,
-1609040806,
1386022560,
-240686803,
-42028594,
700025424,
1056480684,
240737591,
-1802419842,
-271870556,
1190694118,
-596431913,
690099602,
-1274439182,
407272566,
283248671,
1833322372,
-740571591,
-17679619,
-652033284,
-1714334254,
-1372290027,
137168564,
-1914288249,
-1149137987,
90357300,
520996053,
76613786,
1059365196,
-1910662654,
-950613191,
-473222234,
873977751,
1613076647,
-828628926,
207666372,
-1191766719,
1377981234,
951276794,
336435209,
1904396101,
-517781994,
-1354474116,
482587678,
1727826421,
1067278292,
1474628498,
-172127730,
968285760,
-1624881415,
-1902178401,
1971934817,
-2087424205,
113871691,
643474367,
-1167700118,
-336090174,
-857524673,
1806058796,
1779330269,
-294930233,
-1976668499,
-889839645,
-392391516,
844889929,
2070815686,
536612998,
-1461174030,
-1950360831,
1661006661,
-228368252,
1554838423,
385101082,
588300004,
994680950,
-1452995946,
626317112,
1059169553,
1619018956,
-1255880204,
-389782852,
-271888159,
1698228392,
104574674,
-1972348859,
1621284164,
-1921492215,
-835756098,
-251327623,
1846183802,
-389359060,
1577373253,
1147920132,
-637498171,
460726574,
-1811849780,
-715438880,
2069630816,
-502518794,
190260127,
-1783628073,
-1653322065,
-334768815,
-2117299126,
-1476697275,
1311506103,
-445992099,
-1482608089,
-1591039454,
420391631,
-1632250325,
-1745481416,
317163072,
-19591273,
-567456608,
-719698890,
-2003661104,
-461332439,
1276679067,
1904772841,
-1078182614,
999139983,
1339052892,
1030011322,
134841036,
-121712780,
1675366179,
1713177222,
431831971,
-1208237795,
474524439,
196847284,
-1779433335,
82345369,
-1387860887,
1387524745,
-871096817,
2021226551,
1869567929,
1791345082,
1442558843,
-1222875592,
-1929702984,
-1187480254,
-361546220,
1347723973,
1981261325,
-1217944970,
1055069340,
992304674,
-596256644,
1671964502,
-2037475555,
-913109980,
361882693,
724520996,
-1439688984,
-1003960864,
-768225846,
-1659319750,
-1860388134,
872780452,
-291722637,
-1171054568,
638313441,
-1312764885,
-1280834859,
1612110524,
1230099902,
-927722997,
-1794723055,
-1048714186,
-921327605,
-1003716494,
1279192442,
-1894383749,
705086336,
-1511252463,
193151866,
-329094792,
2023124849,
-562055849,
1867831477,
1760425834,
939406234,
-411267870,
1098065006,
1750091372,
-1985736161,
150778674,
482075946,
-258092975,
-788931123,
1172820383,
-2036061550,
402913715,
-435867483,
-1056851316,
975018397,
-321950388,
-1617836389,
1989617373,
-1488367890,
-131311484,
1709719707,
657741477,
898368378,
2027248970,
603952076,
-27752156,
-1465034899,
1356811558,
1606396183,
1205108720,
1340499790,
-568524401,
1448079594,
1186038129,
-312340640,
-1602755207,
-2016088264,
-1939763566,
-1074560693,
-1840315342,
1118569412,
-1915699276,
-571600900,
1706537326,
426046111,
1627061478,
1498633672,
-1013440864,
615313647,
-1205303981,
289085655,
272986506,
-346605071,
992410107,
-458583617,
-774623209,
1928032320,
570154917,
1447491695,
1742935400,
-2099097770,
2062076948,
-525763762,
1888855084,
-2143456941,
1315484280,
-287767389,
-1410004428,
1856974077,
307299111,
-170888649,
-213702330,
-732704761,
-1195863412,
-1052892360,
-2043356880,
894286230,
2062646111,
18088031,
1908782880,
564795648,
469921814,
1162699349,
-1398204878,
-368290602,
1138700187,
1002601042,
159442251,
-889561564,
1013387582,
2000101639,
-1203986908,
193229815,
1848368108,
-1320341571,
2073006505,
1051138846,
-1670226783,
685819838,
1183786371,
-1485943243,
-519999461,
-438883341,
-830548237,
181217759,
-1872006193,
-1597042482,
-153544991,
-544368302,
2043236896,
1252755050,
1728140084,
1894762263,
-794976818,
-1813978897,
855425380,
-741779950,
-1609994068,
-537050309,
1079295564,
1819322048,
48497045,
761049022,
-14756028,
-1514099520,
-807328352,
764593061,
-1974218641,
-1824122732,
-1291702126,
118652986,
996162641,
-1032922712,
1095755924,
-1908488566,
-126977885,
-190759790,
-661421787,
-1449891513,
-594336662,
-558880358,
-1380986543,
-1538721552,
2046976837,
494290813,
1486567715,
1791471150,
-1576697337,
465176174,
940436055,
-1356327295,
-372387707,
-1223108771,
-402683821,
1196451611,
-1212496720,
-1730669702,
-1471524008,
1697618443,
2138487525,
-933341188,
1400460020,
-1583760994,
-2052135037,
1342200350,
2083140539,
-434962943,
1935691198,
2113435497,
2026032182,
-1485004501,
-1510158414,
2064680504,
-859472614,
1432390905,
1380494266,
-2097567111,
739172540,
2110211994,
-1660814589,
-406441296,
-1443201596,
-1370111444,
-211221157,
1588969793,
-602705632,
925298087,
2010742350,
-1866185234,
1490109244,
1823422970,
-518914189,
24152989,
103832687,
171336563,
-423078909,
-1976082850,
-721892168,
-1202310557,
1224632746,
-1517515347,
1937595049,
817041665,
-1032521055,
-789885197,
281546146,
-603087986,
920012028,
1865139282,
-959928510,
1478135482,
738485056,
-756831326,
-1301495781,
-243222458,
-258205128,
-1066108491,
449870756,
-1842164247,
-1586089976,
-1731631646,
2016544627,
-682275208,
-906059646,
216803777,
1329682859,
1111413056,
1893352120,
1337948467,
17359538,
-1205639242,
-1463241775,
312112804,
709043751,
-1713244846,
-298214624,
-1821333613,
1908174611,
-1552637513,
-1041654926,
-1008325294,
-1549855907,
-688666346,
-1320385114,
1080575498,
1383856771,
-64155948,
-875585405,
-648127998,
-2050466937,
-1715046805,
-380102203,
-955770592,
195356198,
-905992563,
980089,
-152998737,
273795919,
1503771278,
-2033383286,
-273858206,
-1678354221,
1305495042,
-879827046,
-1949012584,
1855593560,
863268517,
-1820214506,
-1059702815,
2107163027,
-1826275205,
-105418876,
442253760,
-1531371595,
218013752,
-1818115810,
-1067722062,
849553958,
453672929,
2086206884,
1573584750,
200783984,
1291205042,
850169710,
420448623,
-1660397187,
654849346,
-1354193472,
-592227665,
-1755535867,
921189092,
-786592159,
1179668916,
420857409,
-1659954863,
468358254,
-816582193,
-535290140,
1339588995,
-1063815061,
-949408861,
1290688843,
-142852893,
1311036826,
-414375452,
1759001330,
249700773,
497879184,
80365152,
-1028980694,
915827059,
1098148612,
1909607235,
-1638912504,
-2091233720,
1067514090,
24077462,
-1375006816,
1395069342,
1243525824,
-2117493240,
-629386637,
-2009607732,
-1481158362,
-1425717007,
-1310820827,
1141952936,
599334324,
1267451539,
393020274,
-1832839565,
854721799,
-1684000094,
345226851,
1124433910,
-75418083,
-1607093754,
228739004,
683851496,
307421922,
-401249826,
-1768693320,
-1631728238,
-499190262,
-2101452088,
826428407,
-1865363787,
-1224945119,
642374751,
139848375,
324302507,
246115807,
625136900,
1622453570,
1565811403,
1892573633,
789039585,
-782997593,
1403454225,
-1097483564,
960099115,
510432172,
157809150,
-145774893,
1059946662,
-733041406,
685643453,
1379945844,
1635949166,
-554984262,
-54243961,
1980590846,
71772659,
-2139101193,
1333744199,
1924169759,
-1048727739,
1262982629,
-230704768,
-21255429,
-790255983,
1790312681,
61522798,
-1326809720,
413549034,
1472005914,
-358468245,
1958307096,
-1388020915,
2087865839,
6677908,
290682679,
-1772502305,
-1256682184,
-1949311828,
516929462,
957402488,
-1568795310,
-1877593537,
1672752135,
-1782429852,
1929446549,
176949002,
222711755,
1533243239,
-409149423,
781009306,
496352937,
-1105928703,
-1603501190,
-2091454158,
1806116705,
-1908409100,
323394656,
659061489,
-1443701728,
-1751780605,
1456088226,
-181930700,
-1496607723,
724240379,
932417572,
-1933159111,
-965266877,
-2112502538,
-475356737,
-419015932,
151823769,
2125026526,
348396409,
-535615611,
-1815660993,
500623664,
-1276002827,
532842746,
263246898,
-1866848510,
-603043028,
-1041266286,
1938438930,
-1542397882,
987398237,
-1118684077,
1173421882,
-2137088688,
-1499776190,
288506940,
-1406085103,
1619049109,
1314406020,
1737535917,
-483476577,
176168629,
-388085393,
-330837497,
263298915,
2042219706,
1503557353,
1348851087,
-1019874718,
1304942242,
1169168288,
636579735,
-1883888509,
2049471514,
1440316290,
831902943,
-1868312806,
859390348,
1742167666,
-542786504,
-1091415358,
-1745294501,
-1335759816,
2126202218,
583859823,
-501102227,
-202797128,
641002071,
-1130359870,
-1907085591,
620036454,
-1876042145,
566049951,
-1943047615,
934103289,
-1617788922,
-329693700,
-156962446,
431728222,
-1579695916,
-64343045,
2009110154,
-144140817,
-1830377604,
701104955,
1960222826,
975856612,
523980864,
477342571,
-1732332595,
-1664810231,
-699854957,
-587909345,
-1245677432,
-452715855,
-601122049,
319489254,
945178387,
372473833,
2009553992,
1896187291,
858696263,
-2130080271,
-2013703470,
500960251,
605927785,
-386264601,
1234773823,
887390584,
-314864026,
-216023611,
-552184484,
227611724,
-1652728736,
1398101645,
-744255427,
-1710083376,
-857019799,
1073156546,
-579746650,
181168141,
-898992499,
-547891686,
-1901175380,
460778899,
809059605,
-629320848,
2047782811,
649135753,
-1194893302,
1920017919,
-1209225958,
-752257019,
873548536,
1067743437,
1117211277,
-212553059,
502968051,
-1194927260,
2109420474,
-345800386,
-1395047714,
1195916999,
-2081507410,
-1711976133,
-594578454,
-959885916,
-1061810463,
-1541511255,
1653248605,
20747205,
-1962713192,
101423081,
32540308,
-290576180,
646456458,
-1676521595,
293950026,
214880799,
-278668858,
-980088000,
1586553370,
314232864,
-971631661,
1762756967,
-443419838,
407095969,
-950508264,
808406381,
320016809,
814256279,
1189524862,
1358579894,
-1597836765,
-1659068659,
461566035,
1071561906,
1833020658,
2091688794,
-404018063,
565750318,
1680383119,
-47420266,
-297291105,
1201299942,
938140843,
695074889,
-2079816138,
-1139602850,
478733680,
-607599003,
-1316989945,
1559703281,
821108491,
-562888586,
1426385788,
-499471318,
-376616594,
-308346857,
322676220,
-611545774,
-1323129774,
-91172697,
-407215980,
1079684937,
1914225531,
-2131212227,
-1601442861,
-504611687,
-1314235585,
-198790184,
1857099252,
1923045063,
-55062200,
-1351183654,
-609897662,
155681004,
1126929816,
-1884351049,
1652771000,
24092549,
1331464141,
-2120985623,
147930343,
-501505658,
987425958,
795897127,
699183900,
-372037964,
-841435195,
1265699285,
602961089,
-243288268,
1378233782,
846720701,
1403489539,
1295933534,
180888111,
833918975,
647723701,
65915606,
901600921,
877137734,
-847700877,
1363090909,
48020686,
345207100,
85310218,
-1415494684,
151953956,
31774271,
1477432855,
214131810,
-2034301270,
373133908,
-1902274835,
-1444632858,
-1282956111,
1143472219,
1930759612,
-1644915857,
-336302962,
-1857926012,
-1411867410,
-739728389,
-450004835,
847704577,
-518768940,
685824861,
-109199993,
-1699553283,
1281249665,
-1124174509,
543029960,
481589708,
-468077322,
-1939012649,
689942379,
453895779,
-1297905793,
290426293,
1053562648,
1019765513,
1412119643,
273187421,
-1031310512,
540904782,
-1278719838,
359438074,
-670489354,
248961084,
-1153711517,
735961283,
163404304,
1244831948,
-284537332,
810401936,
-1473424433,
1579259291,
-1266876914,
-881232977,
-1231583028,
451306973,
-153220928,
-1096917512,
-1787746412,
1397549969,
-416253820,
639656222,
790543718,
-2117253898,
-470795736,
-1351756473,
1003095354,
306352445,
391785870,
1272051423,
-1961417979,
839140479,
-795730802,
-1818239575,
-170143941,
-508803344,
-252265446,
288182550,
991901333,
834884437,
1230117794,
-625603110,
852595220,
1764772019,
1687627450,
-491433797,
1243003716,
-1730256056,
-708633350,
-255018325,
-1997586235,
1322881215,
-1501289435,
1462559257,
-1816150265,
-1554033762,
1521768589,
-756734589,
1559134548,
1599465986,
600506293,
231052111,
-137646317,
344107918,
1029423416,
2010577627,
645433674,
2012467873,
181799400,
-2112193838,
-2067366812,
1705059526,
-583729863,
495132865,
1380911668,
-1668665744,
1467128032,
87125481,
-762195911,
1674577382,
815197879,
589419862,
-2097795549,
-21771908,
-1402562333,
-134445264,
1214402709,
-1371386621,
239193143,
-1698292400,
2029102124,
1057532546,
-1493717797,
-1189741290,
-697240384,
-21714395,
-194524888,
628130425,
1004977385,
-599837323,
-1023025450,
1957709918,
-1076729403,
1148078537,
-336441767,
-28630482,
909481719,
-1755374084,
1486610567,
720673442,
1831241458,
1637904223,
2097529469,
1391004640,
-723821706,
-1888474639,
-1240015933,
-834034485,
-451816870,
-902897715,
-2012880210,
664989590,
-441480564,
-95501341,
-599272698,
1346153882,
1941116246,
1512774634,
1016900327,
275455082,
1582192610,
-1416602219,
-332361236,
-788072413,
1049035007,
2039245572,
1451609737,
-139276537,
1849825061,
228696701,
-398578248,
-353797555,
-26484042,
166638939,
1042333911,
104517682,
-1086474106,
-863471035,
86185424,
1071178579,
-575182691,
-1436406109,
-1458877062,
2146001726,
-1904585413,
888396622,
1756542014,
87290437,
-2070907364,
-1802121082,
-582565635,
318735510,
-628503556,
897805608,
-547316175,
1182669960,
-1308686244,
-1243175648,
-945184431,
-1471711177,
959475078,
57735964,
-1018866566,
-44530606,
1550068431,
-1373773439,
-1398802869,
1008117810,
152549660,
-1627015518,
164271120,
-365740241,
944503718,
216518703,
1484530209,
-1455631569,
-1687410431,
-679130645,
794900108,
1316023423,
-1328824231,
2119011233,
1524255217,
-1740993819,
-1581773057,
-109528488,
-2099076435,
1173789685,
-790754781,
-1782871867,
114839099,
-161938781,
-1534230301,
92478208,
612355286,
-2090728423,
1500441220,
-1906380422,
-1474014367,
1904029131,
-2016324354,
690622254,
-429930613,
-1621096249,
1141520317,
-1495019753,
-1692149202,
1993354833,
700001958,
909909217,
525329400,
14520750,
1046339927,
-1243740957,
-1128961972,
462885696,
-103900493,
12504907,
1780965994,
-1593003821,
1057117341,
862395034,
-196165428,
684975925,
-41337854,
-561075885,
1052816083,
-1820845813,
809169181,
1002100462,
1903799459,
998903522,
408029173,
-15013869,
1269450058,
1201595524,
-778007254,
-35870204,
-1812901081,
-1933576308,
-1795058959,
-186182310,
2045831817,
-288183492,
1575488093,
-1601181709,
1541546646,
2107118990,
-550802209,
-1782814166,
-1901738899,
1313991048,
909572624,
-416492727,
-1374795633,
1964716756,
315133357,
1236599099,
1879164538,
-1965508977,
-793226783,
-954435707,
-1378305386,
-158462623,
-1995255350,
-58009225,
776521301,
673303245,
1818439734,
-1375382626,
-310849900,
409748937,
-777812308,
668248188,
315497543,
-1944988015,
-1742360397,
1878185082,
987259734,
-1386046025,
-1759049906,
-669352675,
566023105,
-762894210,
1877332165,
-1274962056,
1574869257,
-2115860887,
-952670038,
569127393,
-1383765038,
-1543003122,
-1911921638,
1029352679,
858331588,
170458927,
-181389757,
929279875,
-720164941,
247924746,
343808295,
-1652084084,
745927167,
-1110260753,
1477263007,
834469744,
137031484,
381650195,
-597783135,
-1268294112,
1715468564,
660065188,
-207196219,
-1376899508,
-141181076,
-824794083,
-808881404,
-514465840,
810535365,
1594365658,
1977271235,
-1905721747,
-1460098332,
1380482287,
-1384529137,
-264092485,
490949301,
1113837108,
276577578,
-1888458146,
-1065588116,
-489472860,
-98106298,
-1664343688,
1800259309,
971550951,
554627984,
-559155362,
1957068142,
-983761876,
-1344758161,
-56030067,
-558721447,
-928066756,
-944951283,
-1847404578,
184932982,
873326284,
1335836438,
1105160441,
-188983735,
1919855890,
-1499293250,
-1408705017,
781529016,
-501698406,
1449545225,
211812523,
-1405963791,
-1110804391,
-460295610,
1527201330,
-353062006,
447438082,
-1177587237,
-204968184,
-24069399,
972349336,
858579528,
1005265261,
-1713535771,
2042778947,
-28695451,
39345001,
-1954688595,
2014248039,
217011694,
-1100740611,
-1703896088,
-1697132813,
-1411819711,
-1486650470,
-431284707,
-640178698,
-1808012955,
867957718,
1011042901,
-559316361,
1664690254,
-45443491,
1802999807,
-259649659,
2128602462,
-1330408667,
-498381806,
-1769033332,
-1722374609,
1548017125,
-2105761928,
-404113686,
1089555343,
-1393835321,
67921834,
2031648193,
189506763,
-477840804,
-1234885225,
589931278,
979596080,
902267087,
1571397322,
1089900282,
1364238798,
58780765,
502359243,
-1044581776,
48412031,
-1645267196,
1371270852,
-1134949905,
-1823033049,
455913338,
575220071,
1014413728,
264841788,
-840956576,
974168335,
1615910570,
1178315144,
-383212361,
-780228059,
-1413533243,
-666995667,
-1120873326,
649145284,
-1462552819,
80341226,
-382300915,
-1872498528,
-1856751848,
1272225180,
662124669,
1423352355,
729656650,
200722694,
-1250307096,
762630616,
824907623,
-399244076,
1123426999,
2041230604,
1211183721,
-1643074596,
709814698,
215447218,
-1639075693,
-89630553,
444622091,
-688372857,
-804012859,
-1798354896,
1522757158,
1672836214,
-1580409070,
-1566530325,
792265719,
-231900355,
-794093937,
-1233650168,
1526278949,
1064269135,
-1960690579,
-93032712,
840653103,
-1336833796,
-301202358,
-158844113,
-2063737116,
1668116686,
-895799869,
1677713964,
-126548456,
-1949312714,
1549253453,
-1499992138,
602003092,
-561154968,
-274251195,
1458113639,
1237038670,
-1824855934,
-1778276284,
-1067052434,
1612142809,
-1754072077,
1176756664,
916466319,
-932662754,
-496458726,
1637320112,
-566151826,
-547037108,
-180823507,
-687912202,
-1502804723,
46416140,
1368021596,
-1761230238,
725494419,
-906746375,
944222517,
30204525,
-1977918385,
-1412768689,
673332042,
1502754820,
-1863403525,
-850920479,
223542032,
1042600094,
1645765956,
395718992,
-1141348087,
688337296,
-1400218487,
1159919481,
1656660517,
-722931553,
-99396125,
1509159983,
108107877,
1103675862,
-1581570971,
-374805462,
-1896928830,
-1966535014,
1903362468,
-787185090,
1693008204,
1087269371,
-1249866375,
1095054799,
1682335381,
1184921164,
2100463109,
2038125700,
-353280177,
-440725515,
-1210418187,
-1675635910,
-439433421,
-1215901306,
1660356358,
597377595,
-409353692,
445465872,
-1490141493,
-1909763921,
-304665452,
-542222672,
-1787790419,
-2033675439,
-2128548314,
497146987,
-1533565901,
-1273658778,
1040274069,
845760321,
173509252,
946529003,
-1800368941,
-939339396,
1150819881,
245698317,
512018549,
-1527726520,
1520072214,
-1046949410,
1510436173,
1866235528,
-2083129622,
1733151301,
-391612072,
-1429811482,
2106268021,
1753712949,
-1523378982,
-818732244,
735942011,
384800,
-1766538041,
-1748110638,
2015360183,
-965210962,
45801317,
-1112360233,
1075237410,
1202047658,
-1176492242,
1265617108,
-1449506444,
-301179588,
1423880186,
649274189,
526408426,
1801266781,
83391069,
1500324682,
1998800714,
-1188140154,
181088589,
-175467739,
1661151268,
1694909098,
-255158776,
506554022,
-130922407,
-789390745,
-2065324492,
478699596,
670040289,
-1788702345,
-578095033,
1304639469,
-305259064,
622956908,
-1148106200,
-508422527,
1534660473,
277471388,
2059427350,
-1783858375,
-1090819010,
-733077671,
-938458679,
-191046186,
-654735866,
-2112461723,
762536918,
-613178823,
1827281001,
-123081564,
-2124276905,
-1768083147,
-1575136535,
-170421741,
-1566276150,
2055228076,
1907606395,
1761230328,
-113123527,
1271325913,
1069212997,
-518665637,
-1169508197,
-1517998871,
1153259431,
1079772852,
1202040954,
544701649,
1701904767,
2142295013,
2103218645,
-1194763685,
-804412247,
-356545686,
-1117651641,
-1939549312,
1182442948,
-140302898,
-542769048,
-605369347,
2049641531,
-2025466784,
1221738354,
1634340896,
-1502937469,
-1129053658,
-1536387801,
-889962270,
-2007875935,
-1393954798,
-1851175694,
26012986,
-1799132433,
1566728307,
-618374324,
-2069329,
-2062022882,
18875822,
323696737,
1291145007,
-292187778,
961718317,
263667954,
-1092323809,
130558076,
-1688979562,
1196605820,
1439771315,
899908716,
-1597424832,
2015432602,
-1189362306,
-1324136055,
-478980638,
-1004251737,
-312558772,
145749561,
-2080649075,
526513319,
309273391,
1910370708,
1961320667,
229679207,
-1969813033,
-1930396121,
675520104,
1275697634,
-1731123673,
960664820,
-1833837695,
-1194808347,
-533544188,
1691610301,
1350194459,
652004854,
-467013009,
-149376639,
-460460537,
1806012786,
-1258070571,
1687072838,
-452204190,
-195576587,
-410237019,
2022898457,
-2008786863,
948287997,
920293923,
287263059,
1871130350,
168736977,
898490235,
80123933,
-40160131,
-914248033,
226107161,
448581429,
-1397275934,
120558052,
-623043529,
-953324047,
378243415,
-688228080,
-398073417,
1877050500,
261080665,
-1113227415,
997066546,
108363135,
-525947677,
1816368174,
514997072,
979598235,
1316350174,
-1482582016,
-807887015,
-567324747,
1876260567,
-1872073603,
1084803084,
340609817,
-72334606,
-1148593618,
-104695889,
-1305644542,
-1915010274,
54358178,
559768935,
107532897,
-1190690679,
-292502310,
1735239113,
-626588963,
-1790524330,
-520834585,
-62027600,
1856900635,
-840836211,
-1133019182,
-1480130480,
409947710,
700098131,
689837243,
-781982325,
-1056441167,
-966564262,
-1724083132,
-1584550525,
953448995,
314048666,
1471090991,
-92642193,
824283859,
1230841408,
1203320133,
-1720843854,
-252230899,
961845478,
2036204409,
1236560169,
-1205026829,
-2112553467,
-1368450995,
1412017604,
1622001792,
-1400441433,
1722092661,
-1251251880,
-1781169462,
1378904160,
-368517703,
-1423491662,
-582784634,
-1695399810,
454066719,
-1280847122,
1607667153,
-11795841,
189729096,
-1694308598,
-1666731731,
1683749059,
1891299354,
-329235787,
-272041015,
923395714,
613649055,
1828366189,
-1713483004,
1077245439,
-501700564,
-688321848,
57316404,
329307645,
148231621,
491762448,
-1815988318,
2044934770,
1450500799,
750651669,
789716953,
1110848634,
1696697255,
-1980288193,
1466800416,
-290712178,
1740795746,
-682570270,
-683782845,
-1953705483,
-1427524971,
1177834710,
-1613156455,
1283069562,
44168518,
658838085,
1101505859,
-959281826,
-1738375485,
687187654,
-1266389583,
-1948823920,
-1145060414,
-1402634581,
1927286634,
-1382639845,
169585353,
-854603626,
-1724330741,
1120953311,
-1209322800,
-27606702,
2041472656,
523434883,
660430884,
1135569119,
289024722,
-1180240983,
-1903586419,
565114062,
-40362672,
556948835,
-385241165,
714904527,
-260688847,
494781670,
541503677,
-93890936,
1649078921,
1367144573,
1896127034,
824791463,
897901275,
-932656448,
-165355708,
1789807930,
-1780959778,
-1906949115,
-1503352606,
-672819907,
797706628,
1502279445,
1598987950,
1363656564,
-1409868745,
1333095714,
284038583,
-529368453,
-2091388827,
1126948088,
776718760,
-1731610085,
-1128946626,
-1966956173,
-56982487,
1947129054,
993722812,
-2014371024,
-1468246396,
-304912668,
425429731,
109259143,
-2077275764,
-2135486985,
763790922,
-1684552008,
-184899654,
2143048413,
-832581671,
-1442950301,
1076118936,
770855918,
-307334701,
-1090441923,
440888417,
1685456101,
-1783805418,
-1260049151,
-44217623,
-1817765894,
745160609,
-1170733149,
1684082874,
-711334865,
-794506153,
-989393205,
225974143,
244374762,
-479928574,
-1965226879,
-550977882,
-2116194621,
-577807975,
958199332,
2024856896,
-1489939041,
-380784699,
2017153696,
1798762026,
-1687764995,
544369057,
-826953761,
-1751164302,
22467471,
-1822650687,
29160319,
-712931854,
549152524,
1668824438,
1351406278,
1632535105,
865207620,
-644156849,
1202118098,
1148554188,
457411956,
-950123551,
-908686828,
141604159,
-1221262117,
193205963,
-515444737,
1063675177,
865824141,
1486589428,
-95801349,
1488095710,
1521858182,
-2100413674,
-1895976288,
-1888180321,
153950465,
-2110696576,
-1242187744,
-1553062664,
-1047693558,
-361829097,
-640816381,
994998633,
801935186,
56067997,
1931733530,
-247389624,
-2047862206,
-1607702987,
2103180717,
-378830363,
-1823464366,
-1049133786,
-2015400970,
-1673065234,
-2114700902,
1867380703,
1820795091,
111569429,
1180645032,
-869885126,
2145164470,
1828349935,
520540820,
1664976900,
1543921375,
693497119,
1861301842,
756228541,
-2100019507,
-771864909,
-876333753,
-1188291173,
28535025,
1262975181,
406256414,
-1441464876,
-90639708,
-783125114,
-510639397,
134970653,
-1569900197,
-1623368178,
786983727,
1943318125,
-2022604519,
-541838825,
1418198030,
-1905339130,
465339940,
-120417933,
-768577154,
-675661643,
-662571525,
-517114885,
-2119802958,
908360279,
1369703302,
-135922765,
1890665559,
1880501407,
760056463,
873776427,
1345755436,
1167766807,
-867797391,
1794071079,
-564462632,
-105465500,
479944718,
-838882686,
-1527939337,
-413033267,
1548523270,
-1512067250,
-1391560587,
-363146754,
-1136129500,
543792192,
-700161761,
-1470364408,
-801848548,
-579910837,
-1756980873,
531980715,
1825433971,
-1324249462,
1794058183,
-848201256,
536248510,
-251972510,
-1186872456,
-2098032528,
1519277582,
273680871,
-326647389,
-372028334,
-140259158,
1867814782,
-1436174616,
1223759764,
1042651646,
501732292,
29942398,
1864806159,
888295636,
220407982,
1171764875,
-1952340448,
72596417,
1527981809,
1425150390,
153477805,
-1093259551,
901614500,
377683449,
1430148454,
-851175226,
1590656034,
70191291,
1988784717,
429451949,
-644277195,
-402159587,
-632541833,
574476274,
1604969072,
2065457556,
961708051,
1024846021,
531844827,
-213178953,
-1952925269,
1476852766,
747497429,
-1648126631,
-390913622,
2114376941,
697737526,
2057757658,
-576344803,
-746275178,
-598142541,
514345658,
659147965,
-829827940,
-1411573114,
1860878958,
523540269,
1298274715,
-231414450,
-1295977354,
1079956351,
894142843,
-1219339213,
-474891601,
2095359996,
1086823138,
-1292271539,
-1753956379,
927658276,
503243754,
-1323875770,
-1363143252,
1544848627,
1752028692,
-300236483,
-2013736081,
-1538136475,
286049659,
577311725,
-1956244791,
-1954927300,
-1936412852,
-1964900338,
-794370797,
310650368,
1940222837,
-1158790149,
-2145329603,
1680010823,
-341215844,
-1057597804,
-1473842975,
-1300655818,
748542290,
-1700085403,
301193109,
-640849849,
916835720,
24475911,
1468446592,
502744140,
1841470273,
-1157769274,
104081455,
-1513119053,
1903258505,
1008672387,
60288169,
-1731038454,
1821046949,
407609308,
281061824,
737882309,
114335371,
1515518345,
456142249,
-1281206977,
-2007662956,
271843336,
-773841713,
1966171646,
111782511,
2146517116,
-2027677725,
1964188475,
932743768,
1115241682,
-197152969,
-1617323360,
-726994294,
-533346779,
-1172850868,
921444947,
414227442,
620239203,
281793193,
1890287667,
-2070154204,
-1152015824,
-1484897042,
874168672,
-1372161902,
1699973130,
995975976,
1233094144,
-1058860806,
1734044077,
2053322085,
1565836608,
-1576592096,
624290488,
-1066066549,
-1709748839,
1594501565,
493746064,
-1646880923,
1780712788,
-446201673,
407495555,
-1451268610,
344993615,
-1253308271,
-1565145808,
1243005490,
1147811841,
-1477564636,
-1924352729,
307912321,
1299304122,
1534368655,
-899362100,
1389450278,
-591835345,
-367230101,
1977365376,
941116775,
713735990,
1084096323,
1017323521,
1679130926,
771810509,
1674717762,
-1830665199,
1849185241,
2114795616,
-426485458,
-463358891,
886157645,
-1217120437,
-1845242731,
96464512,
-724601775,
1876810396,
585794117,
-464111696,
1995861784,
-72337890,
39858688,
-1466303209,
-1084495585,
-481918062,
-49708688,
-106882338,
1989715513,
-1535697345,
1590463320,
-1167512251,
960285415,
-612420947,
532993548,
-1059041266,
1789735405,
-1030543700,
1306735906,
-1649414117,
-100137183,
-37814885,
-599944598,
1756402517,
1933032326,
1102200038,
-119680486,
-1560823088,
1765320344,
-1278798640,
-350337459,
-86031572,
570878185,
273469810,
-359307858,
444065598,
99574764,
505010178,
-260458128,
-1949382418,
878172944,
-1410747304,
109196929,
847783010,
-1530949104,
-112198994,
1171682814,
1305448795,
-721748855,
-1169096281,
-1981447960,
2059433695,
2059555532,
-700598126,
-1255070952,
-1133538024,
1473519605,
411049455,
1686567280,
1038666108,
-630579908,
-1998972367,
-1627410605,
-771591891,
-523243894,
1349567173,
-1179639978,
1192889761,
-607087537,
2115651922,
2088717111,
2145652613,
-777476462,
-1224402110,
89087757,
280161246,
-411521719,
-1120733823,
-824757311,
1882709873,
722741738,
-1951731579,
879559868,
-838728603,
1069491777,
-1259222899,
1390038241,
1848024614,
1194679428,
1401415212,
-77857091,
986169227,
846417060,
-1709118712,
-1066300419,
-1344491718,
1953157861,
1379976927,
-682594272,
-1645105589,
-1856891984,
136747211,
1945711213,
-1546975957,
13947047,
1923997894,
1950749478,
-147752254,
1834842874,
-917322385,
521852924,
-789800488,
942446328,
705589773,
-1553962042,
-514758476,
-699775768,
680317140,
99501421,
-804096250,
-1362689254,
-527620761,
-1456551381,
1298687494,
-1937900232,
-229422178,
1550524148,
1652051676,
-170099487,
841457288,
1853758771,
-581981374,
693587831,
1463798707,
259350201,
807642215,
2121282872,
-347400534,
161649906,
1308355606,
1052421515,
914411710,
-1542545575,
-959478761,
24163484,
-55047927,
694359341,
345774037,
1411204650,
-218384209,
-562678172,
140954688,
1022081439,
-1031868569,
636516320,
195013108,
1955089248,
-636959687,
-1841160480,
1448019354,
930047846,
-500691319,
-544038983,
-821654898,
911116557,
1325083475,
1404744644,
1829096386,
-2081242068,
-1269280073,
502618778,
832339681,
-1032959131,
1659322808,
-1039975810,
299025847,
836732861,
-1501217728,
-700509158,
117582287,
1725535598,
1012444007,
-925287058,
1787833949,
773274107,
1099553780,
-1722066939,
1487248478,
-1407277179,
-1226137309,
-2014005655,
365686013,
-619863715,
-1976639576,
1864574168,
-32737736,
-1138043430,
-285981453,
-2058155721,
-540852797,
-1890418325,
1089973942,
-1907552698,
2064750124,
622964463,
29034147,
1861668372,
1056631359,
2066000195,
516331130,
-1269878859,
-117941589,
-1467846116,
652023874,
-135893965,
-1720315419,
786977303,
-1943402794,
1537011393,
695693900,
-736766450,
1810231970,
1265861686,
-1311931763,
-1650799187,
2036653742,
-1310028359,
-451068856,
-1755439292,
-952178212,
689253048,
-2119589645,
-6454050,
-310130579,
-77558243,
1622128894,
-444365167,
-336735799,
-94440765,
895541560,
1802651159,
-1693342081,
48816934,
-412480912,
-1191776355,
1137947273,
467585114,
-222507169,
1396892635,
1228738517,
1392505918,
574194885,
2068115300,
-1168274176,
552311537,
-1826117679,
1464738622,
679533668,
900951939,
375148229,
-388816203,
-1915146412,
296671215,
2143584218,
110361195,
975290790,
-440865719,
805540448,
92394676,
836770161,
-2114800333,
1815346729,
945495840,
