-907663138,
-642781765,
-1401736219,
1324919896,
-1545012841,
-1254696388,
1955395126,
-994369195,
-932602010,
1674036921,
-1343549450,
-1000167325,
1211320575,
1569441749,
-1695535481,
-1475178324,
706377229,
1740469605,
-1559042144,
1366620640,
1359554169,
83894887,
-986332116,
825249607,
67647979,
1390288947,
1488622962,
-774840299,
939574160,
1393262832,
378763381,
-79484671,
-1252501986,
-420606647,
-220845155,
-525294825,
-2076734444,
-557686433,
813472406,
895101901,
1366970438,
650208512,
742900855,
-886547883,
540912280,
-2094492903,
1399349287,
1616598577,
16192777,
1396360297,
-689773828,
910754571,
1530764531,
1383494007,
333106596,
-1162766906,
-886221680,
1369022405,
-1521786040,
354412240,
-1697523520,
-438636986,
1399992045,
2068583865,
1938616072,
1195537676,
-359531746,
1338790409,
1060798430,
780430405,
-1543823416,
-691479219,
354644259,
-764752280,
-1817163164,
-1440376205,
-1760016,
-67475030,
952968282,
-1964720553,
-276062060,
173216951,
1095138212,
229340573,
309895133,
588380830,
284283314,
1435145152,
1754405014,
1559769612,
305951885,
1471848299,
-1026100655,
-1878584388,
316180031,
1310445575,
-1642006938,
1936131117,
1646827121,
843042965,
-1094239173,
-1786469226,
1754837588,
-1865655363,
71603653,
-2128896233,
2023624388,
1248003365,
1010417741,
2040889904,
-1979404117,
220972038,
1935367543,
-971612298,
-389761117,
1843729149,
1297610879,
-1724374653,
135212767,
-1841972962,
-1161651258,
-1768895186,
719095882,
-1255567281,
701676173,
2026840571,
1531258352,
1669586130,
1150448383,
-293843499,
-879848035,
-450426333,
-249533324,
-1033328646,
-1386323261,
-1132797693,
-1757751821,
1916053302,
1731044000,
-1581806892,
1839024377,
2109114195,
-735666528,
-1483934169,
-1978428296,
-1055895089,
-1991753473,
-570199917,
-1396722654,
-934199857,
2051090354,
2028702152,
-768509978,
699964243,
1932427655,
906007523,
-724394054,
-228606549,
-1064756854,
222450946,
621965211,
594778410,
-1102236501,
-2126528997,
2095579089,
729679896,
2031101341,
-1504330999,
-1896690313,
1791617772,
-914310400,
-58560537,
-269136070,
-622028870,
2063461313,
-526485599,
-1025666463,
1127369962,
-490641983,
-590153785,
810296332,
1431477034,
1959912116,
-969106012,
449432256,
715979429,
684418891,
-65480561,
1155585058,
-509804684,
281661589,
1960568192,
-1235813630,
1064886613,
849630114,
-1805418522,
1443965339,
-440120678,
896455529,
627264438,
-1493525480,
-1286823325,
-1524616981,
-1402647353,
1675437914,
-1551677937,
-1433732713,
-1517682852,
1622190072,
-356686353,
13113328,
-321329662,
-339485305,
608729404,
1896442477,
2091622556,
-1233045990,
1388150091,
482632863,
332062908,
-1464447476,
-756255746,
-1434247527,
108384051,
-2106775556,
-1990404739,
-173246837,
536983275,
-1278058216,
-923342554,
58337456,
-951514893,
-1198266978,
842348993,
-1319239318,
-1677849125,
-1328027232,
75274488,
830836138,
526833729,
228862471,
-1305713147,
-79827563,
625822891,
1569307097,
-1830810708,
1022340452,
1262965399,
-1997938754,
427157868,
646236299,
1781039825,
-814954561,
1006574577,
-74892515,
1353705219,
1384844625,
-1241589556,
-696728210,
1553571474,
-409509486,
1620529509,
1488111097,
291863719,
-825896495,
598561071,
1186418052,
1201730443,
142766676,
-1913976034,
-992030335,
1033101623,
-1623101100,
857590358,
-1343217481,
-938143445,
-435235252,
-1074693596,
1829666337,
1229227902,
1942253938,
-1429718735,
-1347156458,
1748429110,
1546698629,
1788570612,
-1458912855,
-646015527,
-1411267127,
-1179188632,
205065298,
-1036761533,
-1796003249,
704046335,
1700540365,
1458193594,
-1418785670,
-298205995,
-1489610174,
-1693281729,
1791320509,
1748732712,
742609573,
1964084518,
1809177257,
-1505901560,
-180777121,
1555819753,
-532376538,
1611259978,
-684485843,
-2036848840,
1150425344,
976657090,
-652757944,
-1289186733,
-1158449243,
-1603842896,
-527257146,
1745148060,
493842476,
-1765794438,
1432075071,
-706834073,
-896401767,
-1623131749,
-1010905421,
-1544154348,
1029162335,
-1805351717,
534024363,
876728928,
721886245,
-159417408,
-677576035,
886825719,
-1329281331,
540031044,
-979059820,
-798069427,
-619800399,
-1628090937,
-1775073520,
-242143827,
-752449489,
855470150,
-1200255446,
-1852354415,
1444738663,
-609084723,
1376415484,
1131298868,
-556716221,
-1465800406,
1336927807,
1008940901,
2083218871,
-1887119133,
-261492940,
1034857886,
-2025607095,
1130816873,
-2099479096,
-1962807211,
-161625645,
1706472332,
1570060018,
-1891336815,
-1982227833,
-1954889679,
-460469409,
452195263,
1941228852,
-1907833277,
380033105,
292727493,
-784730937,
-985837593,
796226244,
1975405143,
-1925315053,
-851532045,
1388036306,
-423038582,
1075128788,
-325461856,
-1987623592,
-1870347354,
-579589391,
1136640125,
192266712,
928706111,
2013529345,
2127777446,
2068566688,
2110028934,
-624863473,
-1457947338,
1662429484,
-1739813924,
-107364703,
-546395911,
2076477640,
-391596632,
1364549367,
-1595129498,
-1397364359,
370000489,
-889513840,
1344603083,
-612145891,
749992462,
-322816783,
2064463305,
-1454189871,
-1444960891,
1787595432,
-955804925,
-875023214,
-2114480751,
504389007,
-253304302,
1657101094,
-1669545248,
864649037,
1765762235,
959800380,
-1017947300,
-818056158,
1667405668,
1808758482,
-117518144,
-2104057886,
336786370,
841900502,
-914899857,
-1051279551,
-1281053993,
852558096,
-1134842752,
-660524718,
689670683,
-1632531394,
849620509,
648140105,
270893049,
-2099235712,
-552359667,
-224558968,
-975932548,
492811254,
-1269047154,
109400280,
-151952566,
1162392487,
-1343541912,
1291214582,
-1444020272,
-148690012,
-1047870146,
1025742162,
1025062078,
330506604,
935961382,
-775966958,
1393448374,
996698258,
1691673980,
1960420188,
580772415,
829901213,
-2011712269,
-2130837291,
1072305407,
1100624686,
-1408628500,
1276378468,
1499509289,
282777960,
-432612086,
-1164624326,
-539047629,
-20748405,
-419976187,
-164914154,
1826774476,
-1623283742,
-1075035201,
1907386309,
1870212109,
-663206433,
1226000020,
171766504,
668662766,
830246531,
903409141,
-105619207,
-443467781,
-529968381,
850846263,
-550828913,
1811200838,
267899304,
-765903960,
1292881121,
535169695,
-1371420426,
-2081816349,
-935295096,
1865641218,
1344411920,
-1268402587,
-1501955448,
-1318873264,
1605605210,
-537865377,
-1038017904,
2043862850,
-545851296,
256847821,
91414913,
259795354,
-1596787722,
-1239695417,
-1543730900,
245761946,
1647314847,
1634742294,
-1089065376,
1598011322,
19102514,
965818377,
-1254744029,
-549388908,
-835482694,
757970057,
-1936498882,
-837090013,
1140383902,
789307499,
-1678634498,
209175852,
2030022401,
1356938757,
-1596133319,
896046331,
-854773909,
-1664678397,
-180687985,
-84154030,
-1517008472,
1401302907,
794859505,
-1019384674,
-999384336,
-166501058,
-1951328153,
1931667052,
2107456071,
491027568,
1977259021,
-2045008358,
254205734,
1364082778,
234256222,
-635476783,
-950055333,
-1674401922,
-879360588,
74764978,
-1002557139,
-1808480789,
1514667791,
305611599,
-1742095677,
-957804334,
1890344468,
2082876764,
1476116421,
1204668250,
-252218791,
-155160155,
-1186061245,
1203803312,
-669656353,
22584643,
1367720918,
-228343967,
-474536737,
2012125962,
1944139780,
-589923861,
-274918711,
2003732549,
21176552,
1799956624,
-1544958071,
297509028,
-37366766,
573550701,
2030539275,
1240036725,
1486919083,
-1721687093,
1718121729,
-1200298990,
-792412195,
211115957,
-536508701,
-562987110,
-1239712655,
1923509962,
1869633079,
1555522019,
-894241607,
-721107628,
414875154,
-194472017,
850664367,
-534074728,
2108356318,
-672883683,
334001758,
1976329071,
-84856996,
-1984719007,
-1071020416,
1598550549,
-1216204308,
1767527607,
1871297384,
598769472,
1045191180,
1738744724,
832638242,
-704724876,
-231580130,
-336127970,
-949639721,
1588653973,
-1274629779,
774266590,
446381430,
364521405,
-431193487,
-1833592908,
2070547345,
1330264912,
-1693197998,
-1900975094,
1247310724,
-185313460,
-375743830,
1248384076,
988860124,
642516965,
-206278001,
1803665559,
-1945175563,
-1116376496,
311946191,
-706537296,
-194541852,
513726431,
-2016462979,
-1154857161,
1049934487,
-366561715,
1039100076,
1494336539,
-1240221637,
-1852630693,
-173987718,
1670468176,
1214152413,
-726404709,
1253189200,
1322771648,
821402963,
1200850058,
1788266599,
-1161142658,
-420036516,
7686628,
104325261,
-726556095,
-318013690,
-799749580,
-463443672,
-9067249,
-615642800,
626741930,
-1394897285,
-831883208,
611818767,
920425008,
-1097627609,
-443580795,
2122769685,
-86543426,
-1727658251,
-1552924495,
-1454725489,
-688272915,
191576786,
1205441816,
1562337454,
133865418,
-1237797606,
1049431726,
804569736,
1929921261,
-1233540327,
692578098,
278534977,
1799641801,
-1844814643,
-2012096350,
-694212507,
-367419068,
-1201888271,
1964743153,
839444120,
-1579413367,
1900539702,
-910429449,
-940554127,
400398877,
-1295569453,
1469422504,
1780152225,
-751912144,
-1549045952,
1256151688,
1711047771,
2028175925,
611466045,
-1670703522,
-711940368,
187357620,
1826285081,
-90190041,
-2140833864,
655305822,
80110896,
996520525,
792117560,
445953634,
1033988020,
759348760,
-1226190719,
-1554311170,
-11487312,
517580900,
1925933014,
-1976763048,
-1533794486,
1222900884,
1340585873,
-1421742195,
-1219195320,
987473094,
-160530106,
715367178,
1368759252,
-1122545080,
2022951208,
157898523,
1946976387,
1063287113,
1249884587,
1351686849,
-1008159597,
-935275565,
451321195,
-362280249,
1449942644,
-1968136200,
-1978920117,
-1192239849,
-1094312567,
1554910539,
864215265,
-1077850807,
-1049215697,
-2066117230,
674039569,
1741700732,
1822790653,
-289801031,
-669647625,
611296873,
-294350003,
939971592,
-1325714166,
-1874815564,
766331643,
344317080,
-319467395,
-2020019835,
-1096063636,
-856877821,
1727440104,
-1180454313,
1777950674,
-1492074918,
-554043353,
-1689928689,
-1135443283,
-1917795237,
537302658,
-470834352,
1689083540,
-2085096221,
-1797445874,
-1506413555,
-454373068,
888322721,
1198711378,
1636748639,
-117320039,
610946828,
831983404,
-517151080,
1195420332,
-1712547946,
1954081269,
2061324695,
1589640956,
68690465,
797071843,
-112292259,
-1213380416,
1036448946,
-1755440977,
-1266891808,
-1881314532,
740959331,
-767152009,
-1436012001,
-580304477,
-644651106,
1495397348,
-1091030666,
-1389768931,
1460213640,
-339159921,
624841522,
-1543367543,
-812362566,
-332285024,
-1418561688,
-868166555,
-889175242,
1991035064,
-1623593982,
-1404778964,
1304203672,
918526736,
-27727590,
-315490785,
1879359371,
-1759868702,
-99680630,
-1339060920,
43046782,
-241211129,
-1638644029,
1922080187,
-1439985768,
685298401,
-348753186,
-306409697,
-2133522967,
281737338,
1794245616,
1524488044,
836275169,
536182509,
1817527713,
-1801999371,
-777046779,
-1930430204,
2076171775,
-1501645144,
2045779167,
-1484724190,
-2031417713,
-485401707,
1076533301,
1873373027,
-1512848731,
-911191380,
865453438,
404612353,
-1092507915,
383818186,
474230929,
-700019207,
-352713111,
-970194186,
641826207,
-1771548691,
2027460660,
-1769610521,
250302307,
2034341196,
-486282458,
-1938971703,
-499786601,
1735663535,
-1169868222,
-1067368384,
-1684019031,
684172422,
82867853,
-1865553236,
-895413330,
-806940685,
-1966958040,
-1664260946,
-1751599721,
-1728802315,
-219572064,
350407403,
-1812809567,
-1603348023,
254443653,
1221712144,
-1315231982,
-895212660,
-1857052103,
-2116556267,
-1708105695,
1754659877,
810668041,
1329477828,
-1594939339,
1476058977,
-1102247039,
1420895356,
1649608786,
-1489431458,
1082274811,
1312849458,
890810576,
-301437907,
-190018951,
-1985404488,
821515085,
907986611,
-1676992844,
935878465,
1262561252,
1193640399,
32209268,
673052964,
-538275426,
-1670105407,
-1299965918,
860469728,
-1585801688,
200239561,
1019383195,
-1933711776,
56532166,
-365948914,
1067080774,
-1481633665,
-1689868153,
453185473,
1453251944,
1407585741,
-20020806,
1016995458,
-1148991050,
1016403603,
1309377184,
-640048638,
-138070229,
1382371604,
-522323102,
311785193,
879829019,
-1307816683,
-1755291323,
1533592057,
-753285240,
-552258656,
-1128415973,
622538610,
-744911180,
1184214788,
-1839461124,
1533559992,
-1010429961,
-872755425,
-1092711114,
-1888245709,
1236898514,
50949598,
2085559425,
1197441910,
-734581437,
-773728252,
1778200439,
-1343986782,
1075783258,
-1399931349,
-57407678,
-790873076,
-1020367348,
-576474616,
1087446934,
1353215773,
-1264763322,
1290777587,
-832632863,
-831192711,
-1193395899,
-1567845211,
-1612178495,
1457085283,
-671049436,
970731330,
-21508426,
-2089206688,
1666008246,
294698906,
-1300725992,
1800324377,
-1612718699,
1139660971,
1275528267,
-1066353787,
-1636164741,
-649871510,
1010068528,
-810128057,
-1109325617,
1048522178,
-1209951266,
-1328753580,
569963651,
-557596196,
1768408977,
-664346152,
399387932,
1638374817,
117175778,
-1804790950,
1795545362,
-1274348932,
-169147848,
1370404381,
756252761,
535737700,
-1100033410,
366574793,
1061493567,
1817777945,
-1028344810,
1839352651,
260094584,
-376939347,
683152396,
1750359288,
-1314120585,
-744045499,
1628702350,
-1247139592,
-1234713602,
-13884896,
270619035,
-618288927,
-2008259592,
-95075880,
836628219,
-514595422,
2087892102,
-421947416,
662059374,
432139938,
1056638295,
982255470,
1981233448,
1646763816,
-1983176388,
1293664305,
-1925921925,
-491858435,
-1475455238,
1492547812,
367354326,
-360447153,
-982729886,
496863659,
1889612781,
-1723387689,
1504442527,
651406047,
-238010055,
868411454,
-1447215410,
1713462286,
-1553470045,
-1195336772,
-1419695661,
394934085,
1235125627,
-836209406,
29601898,
657306768,
-843639634,
-652956070,
83849340,
-1875762751,
592903480,
-748758517,
630779059,
-1912548752,
234488023,
-1464878079,
-1527279792,
1405537347,
-1540312575,
-360670803,
-974420421,
865956719,
144736279,
-133749718,
-777204645,
1391655806,
-58993959,
720593056,
-1213139928,
-452812718,
-811865828,
-1233571091,
-1636137091,
1386802025,
-556962117,
295005825,
2052985010,
685803873,
-1803813430,
-1978101367,
174465258,
1358459839,
2046295825,
-369127857,
1681975208,
794587883,
-883581512,
2118469344,
1136078760,
1272265854,
-1801797058,
-1008886034,
2044056812,
414560704,
1071466671,
523585528,
1223690260,
297730668,
-1202592234,
1251978151,
-164498702,
-2015512651,
-1587580625,
986617979,
-186609059,
276687757,
1372684897,
-1677355866,
1943853381,
1179988004,
897621738,
1769274167,
-1060278008,
-1436226642,
1249207131,
-2008594565,
1991486211,
1457532009,
-1259380409,
1940730527,
753235818,
1993095390,
-418405321,
2094761882,
-793807524,
887316582,
-797830688,
-1548234423,
-864063439,
-155856913,
-1493165673,
-1189132581,
-56041962,
645689088,
2147116804,
344300143,
1759130588,
-1295120134,
1977519126,
1381993978,
326312460,
2007451295,
145282614,
430404206,
-1973874882,
1815755736,
-1052654914,
-83364584,
1894278058,
755142066,
-1712732500,
-300163255,
-42567169,
99054761,
-345154158,
1995942968,
2009155955,
1023745833,
2098631633,
-233039578,
-1780015845,
273365073,
586186758,
624890819,
609348732,
-1497983239,
373579715,
-498423088,
-2019088031,
1841846518,
-562082943,
231204101,
1199970030,
-851644772,
1613411797,
-1662672332,
720109045,
1512692356,
462498274,
1873406637,
1421267591,
1473325454,
541850894,
1004425444,
-449569074,
1004922665,
93186040,
-483505839,
-1506588902,
1978470865,
-875971927,
-2064081769,
1055882041,
169530329,
-627859447,
-1060939800,
-40441590,
-809237398,
-124869485,
-212607066,
-495319980,
-1099418422,
-1172343732,
-1537013682,
-834209837,
-1688678943,
1102611441,
-402695791,
1583518612,
1048969721,
-1994188433,
-1825710141,
-1850651518,
1187157701,
-1184110697,
-511955080,
171450687,
1677446052,
1045508369,
2134671212,
-31033289,
-395124698,
1568384657,
-196150109,
1515670259,
1343880910,
-1196788663,
-1544962863,
2053714602,
781094937,
-2020724066,
553841403,
1148332573,
37173695,
-1181372899,
2065123933,
-1857218396,
-693367240,
-55919952,
-1908372594,
332167811,
1039380609,
-1156807156,
-634458142,
2046737025,
-813141985,
324541805,
534365967,
828772539,
700752228,
564599429,
467817234,
47119029,
109426160,
1656204209,
1575878227,
-242376527,
-1295394438,
-1181717651,
434851847,
1302051908,
-1962666288,
-1874478326,
562512597,
1838535717,
-1356904164,
-2068999010,
542040507,
-701505209,
568876392,
489293883,
106123059,
-844713686,
-333666205,
-1618880414,
-236676463,
741644654,
-1679731611,
-2025723463,
861538222,
736448681,
-768267344,
1771665916,
1814342858,
-1550974855,
1094599416,
-1387376079,
-1496085842,
1735124188,
208226340,
763717663,
1451131665,
-12776258,
1852340566,
686793472,
-746598084,
-758378541,
-1384347608,
1001502581,
1874454768,
-1004483161,
206695737,
1012485817,
136437639,
-1491760654,
-1587449881,
-895423207,
-635124904,
1915812400,
-395647395,
82267043,
-872381088,
-1986324367,
-712150577,
-162129635,
-1651549923,
1544277869,
267434756,
-553691592,
361672381,
1072681947,
1730605844,
-403193595,
341388152,
905002754,
984063091,
1256719272,
43861049,
-489242993,
1379885101,
-2047501750,
-1089446269,
-1098551895,
22115186,
763339860,
-2085053550,
2115939138,
-1853140651,
205198553,
677753280,
351568304,
343133392,
-84085165,
1049851946,
279212923,
1514848011,
-1825000047,
964102291,
1766965624,
-398535203,
891529200,
-979264633,
1291157014,
609437330,
-607239991,
-1666022717,
-1253309961,
1386703087,
-1449743831,
625206740,
1347196354,
2054061682,
-1386236729,
-1814813443,
345072951,
1762011613,
137515826,
-1322776995,
-1025306749,
595483381,
-1298197430,
-205516463,
628910293,
-2100448633,
-1130868496,
-289555433,
2043691312,
286892715,
148177152,
-818196557,
-1813756798,
-1490432180,
1901554559,
1944299029,
-1074706442,
-1533906202,
-1531828719,
-1211816325,
-1859479418,
-744895599,
1180243885,
-1825725420,
-527229229,
1201198143,
1190359699,
1645413094,
-2048889800,
2044186177,
-1887512196,
-1184446736,
1809384732,
166420239,
-94165997,
-370085486,
-1164149625,
1268729416,
-476481884,
1915801901,
-233229065,
-238555145,
-67067630,
-410474746,
249354868,
-349935849,
1596193038,
602097519,
-1599477278,
-250712999,
2102993797,
105977896,
370006421,
1598993699,
1097630042,
-1257500414,
1071167274,
-45639972,
-396676267,
-735534395,
470830740,
990421606,
1981081946,
2016651347,
-1895420299,
-1660816404,
724496605,
224118284,
-1546052178,
1060518621,
806696597,
-322512012,
-518007239,
1496759863,
433925999,
-1063621869,
-335275723,
-551231224,
1990843589,
508042396,
686977090,
-441914575,
584015823,
1142799697,
-428593137,
2005277293,
1742196825,
-1389731163,
1510903856,
2138062737,
1785875126,
461411106,
-648352716,
944204820,
-9410316,
-688416371,
540639734,
-182291502,
-511337648,
-1676908985,
-1857994445,
-1176942836,
1690244076,
631546613,
1956937821,
139225267,
283261375,
1400691811,
-1528059218,
-155777819,
474666700,
-936057179,
-2057028737,
1546480567,
616658326,
-209985665,
-852256039,
-364776395,
-27942446,
-116428026,
-1193103540,
-236549210,
953090142,
-900184442,
-1137690369,
1715565843,
2114155121,
1084730790,
1413827080,
1183841546,
93304852,
-1615262262,
810053629,
-929421921,
-1605155375,
-715418696,
1895916235,
-2082042189,
-689487447,
575610749,
956845253,
453910136,
-44836022,
-743863663,
2065235967,
-662491596,
583431041,
-238572487,
-992760611,
-820494524,
1228818157,
-1944076244,
1723461094,
-120685469,
776769525,
-1233054855,
-1747960611,
-1204516052,
778064891,
-1364780121,
691610898,
-31297059,
-286961711,
-1497080803,
-1113536779,
522687837,
-1275021461,
-1391739452,
-962297621,
1439437695,
-1137853226,
1334131946,
1623970148,
-921240184,
161944168,
1222971753,
1919206957,
903821038,
1990843449,
1961538824,
-1276670718,
-1786446750,
1366410449,
-482382816,
-693503641,
437147408,
2123704610,
1696740482,
1105531831,
-427753435,
-278687816,
-827769192,
-1818491524,
519600273,
894951214,
641684681,
-1944783103,
1587501325,
-153942045,
-1769614046,
1820963366,
-1365303713,
-882174738,
2116690226,
1438588531,
-1601571364,
-1973036978,
-389568460,
1720707694,
-722055634,
-877287834,
-237113485,
1583871536,
-1539559337,
1715590311,
-1854653206,
1366512437,
-1077893898,
749465486,
2138753066,
-1793266316,
-432297529,
1465768913,
-1047292544,
-794414673,
1630108528,
-1363388716,
82534230,
6440203,
761280377,
370969186,
-1385352743,
-4939293,
-389080420,
-153966695,
-81683236,
-1348719144,
-469967042,
-711279324,
1748279291,
982588716,
-886112195,
586955951,
1814803715,
202192720,
159114220,
-597957737,
-980968303,
1736134843,
1537618779,
-1904805151,
-794570504,
-926675460,
-1849695781,
-1505877394,
-211827864,
1568359442,
-1854428992,
431299436,
-818133173,
-2112714245,
-1612973208,
1658865166,
1901711346,
-1481977974,
1821030268,
-1843411330,
-1351981968,
-697823875,
1777669493,
518227218,
74739142,
-221814066,
-1831625374,
-995983938,
-1368276160,
1672033097,
-1134681113,
-1984752951,
1219008797,
-406447266,
731386760,
1565087427,
1280456053,
-1654731464,
37848615,
347832758,
-1946316969,
325331725,
-1308495157,
-176421477,
341457969,
-514444617,
1919513506,
473691664,
-1325772940,
-1074950524,
1957816392,
-1717586106,
1533022328,
-1987256503,
2130278473,
-451205056,
-258561380,
1404310461,
-1136379420,
-1641432007,
-337429583,
-75407101,
-282394350,
2120890213,
1980621976,
-604983160,
519674566,
-747830564,
-1634156503,
-565995761,
442431605,
8342483,
-113974186,
-385275639,
1542852567,
111960588,
1814286735,
-1310834647,
-1810468113,
919734671,
-1372195736,
-965474760,
885515337,
1178317722,
-1694687879,
-67905243,
950299522,
2097402581,
466883461,
1706351711,
539536909,
-1917206839,
1254794206,
514378599,
-223702989,
2059262611,
-1416112889,
153805216,
1563058779,
1454174932,
-995483749,
-1204491415,
-1045225845,
1968113387,
294113644,
-659827603,
-498959826,
151843174,
-1506803986,
448153401,
-2105946089,
557032373,
-78731562,
254095886,
-538630459,
1854073120,
857533438,
85935352,
-1179265304,
955311354,
-789542517,
1572715807,
312645156,
443203606,
-670309040,
1197085020,
712436244,
-1578223238,
-1284348811,
1982944270,
-319273071,
803147346,
781903443,
1694195246,
1365729843,
-1825149657,
1343523234,
1801525153,
-1253543913,
240773200,
-1580195882,
-1692503859,
-159029790,
88775592,
-1862077755,
-1135484561,
279539462,
884242816,
666747020,
-414941014,
-416995772,
-1385106729,
-1365438029,
1796409954,
394220145,
428830408,
1671843215,
-833526326,
-1840370820,
-366394045,
-1497943832,
1984397627,
-49189970,
-814862081,
-366769446,
-1409312953,
-1312444108,
1370582191,
-1451793408,
1766535438,
-2020740134,
168750963,
1326576590,
1147501007,
1649939225,
113474705,
-1649407938,
2083436481,
304988243,
-2117502364,
457360302,
711327267,
238242140,
-1829256044,
2027541768,
-368874350,
-1754659012,
-1057034873,
-969503197,
1327927194,
1415869746,
-915102954,
-921731992,
-1187924338,
1299592188,
518269571,
1449289656,
-1209773413,
-1463124651,
534128555,
2041371533,
785625883,
-1284518977,
170992503,
1489083998,
-389893338,
-1072711038,
-25721448,
-1921795256,
-1957811089,
-1980341773,
-847317646,
1991639530,
208487244,
-75713543,
-997697960,
1129848976,
2074206230,
371039437,
-1503735046,
259570834,
1101457843,
-256513024,
-1617449957,
-581554946,
-533785232,
971721154,
1601420934,
-526533772,
-1054842861,
-642335648,
-511773630,
183734097,
652575792,
1641251342,
-1659300604,
-143939824,
-1087372869,
832258790,
852928997,
-884046868,
2082114270,
48553776,
-1285560236,
-620074040,
105179660,
51076580,
-614541235,
1960600915,
-2105559722,
1771487084,
728574410,
499798631,
1211065085,
1968748717,
1560636794,
1933167794,
401838919,
-445932984,
360883376,
1241884823,
228107158,
-173938660,
-915120995,
900612694,
-366551371,
-237411057,
-465778494,
1834940777,
-62661003,
-242444530,
-1924034401,
-1153073615,
1129312888,
-651557039,
-724613968,
1532876242,
-437084084,
2036908771,
-409293159,
597702746,
-2073653061,
1917181793,
-682987361,
514600232,
-1291420064,
1204750337,
-423188390,
-1377924725,
933362045,
110778070,
-2127329112,
-160025175,
-986049268,
-1660158383,
-1869144347,
-1723475039,
-2093788909,
562988810,
-738609320,
-1414601484,
-536127940,
350922176,
-859597585,
1837394464,
158750372,
121105822,
-2012090321,
3864717,
-38721549,
498066111,
-974622363,
1253331629,
-250451284,
-733925132,
482581025,
2017758814,
-1196010811,
-10941756,
-1218194972,
58733970,
-456792710,
-717949772,
602933784,
-1002877647,
462667869,
1919910087,
-1979044545,
-301242819,
1473625521,
2006892103,
543083887,
-1607131849,
-1193014792,
-1643945530,
886883837,
-1971344448,
1096515275,
1404299615,
-732380040,
333148292,
-401975575,
-190889663,
-1842615079,
1482854739,
-840200303,
829860973,
228330744,
-1679746160,
-479818989,
-800655938,
1020203840,
1981040334,
1011730596,
-1736102614,
-755843930,
-322388553,
1316013426,
-573344442,
341618134,
-266727120,
927095544,
1845929231,
1458989999,
-1399604806,
1532374674,
1614660070,
982247153,
-132756709,
-2087909805,
1617466844,
986353461,
-1217806788,
1626412822,
346744368,
-1221975779,
-1785727660,
-960454701,
1692274197,
2060952523,
1098440262,
859203123,
139133367,
1934510486,
-991176888,
-2138773403,
1456668032,
-690935813,
1854945732,
-109946830,
22898070,
-407635247,
1664692098,
223392590,
-574252632,
-1517263168,
-969460218,
-1896968975,
887865578,
-1385664781,
-1212943306,
-1361945434,
439865949,
-863104500,
1094927936,
-1277467037,
-485597869,
456344152,
-434199622,
595627992,
1051383346,
33860931,
-1943124982,
1972811531,
466316151,
1030030862,
391488775,
1275944484,
634824446,
-1744451650,
2142197728,
1051312261,
1591959424,
-1057643945,
-1346488260,
-1162500834,
730840667,
-838072502,
-1084722782,
-266829314,
18636185,
-568555221,
2104686363,
-844708564,
168608298,
231998118,
-465940202,
1054627511,
1105114740,
-372459341,
1649403275,
586459147,
1098795277,
-2021266424,
-1747902879,
1369695365,
-1003195449,
-121729585,
-1606413804,
-908454070,
-1674924308,
1484393369,
-1984195950,
1144150612,
-1367477046,
-370055535,
-1737570714,
-1841470771,
-1249904271,
-954070540,
956215320,
-956825952,
208509626,
1104090304,
-2143402030,
1085495115,
114150540,
635505323,
534252358,
-1967256070,
790398298,
2052792406,
1227237327,
981107921,
-526815505,
-1646487870,
-278879530,
-1988105847,
-1354080403,
-803743229,
-1160043401,
1915278654,
-474095982,
2047891250,
780290147,
-2033478266,
1712995133,
512441767,
-1990027001,
-83529019,
30012720,
-1976656025,
-1107191571,
1396934591,
685670167,
311272667,
49512034,
-1370947986,
-934372151,
-602421309,
2040431961,
2015086101,
1422254541,
-741586583,
-876151921,
-1161947500,
-1089530849,
1509054489,
1821207279,
-257141506,
1065056050,
1244239824,
3835447,
-864277144,
-314227911,
-768736718,
-708133926,
-2123172349,
1913375906,
1323651521,
-1731800,
-1212764307,
778837986,
-1912902580,
-2029307989,
220083779,
731977079,
1823899812,
377804500,
920287738,
-616422870,
-503133291,
-11881513,
24890606,
166225813,
1296119828,
836572626,
1500750267,
1878378724,
342052532,
3896372,
-1755035188,
-583923745,
-1785583521,
-705198756,
-1231714000,
1152265767,
-1975166911,
1142428544,
704517044,
-1633761601,
-1098252025,
-1957053488,
1388267309,
568437710,
1854507336,
1738144730,
1525790485,
921463970,
1768072003,
354103600,
1853250904,
1982631928,
-362898485,
303460167,
308905072,
1152595578,
-877124482,
-688238687,
538033839,
932831624,
-1748497091,
-469491666,
-1426686245,
1495687738,
297771223,
-170716177,
-1334893057,
110113957,
224368903,
-1167369763,
-1028351360,
849988445,
9821600,
-417776120,
797752430,
-53178565,
1104904966,
1677900034,
1011370780,
1422825312,
-1244677152,
1446515069,
-1690234895,
-1353360007,
220443147,
-84249550,
-208706944,
-41356732,
481721041,
-2131122684,
1066097110,
1303344722,
1006606938,
-1262996379,
-1960886508,
-542057715,
-1797666206,
1851246584,
-1388964548,
1990143996,
-2102986708,
520453496,
-2132129201,
991952965,
1356967349,
-1386714921,
-1060772458,
1288668275,
431970861,
1886561962,
1772537664,
-486626183,
667561378,
-1680367677,
-1192309459,
-1816574473,
-124748802,
-940547297,
-875499256,
-2095988037,
-302851277,
-1889453566,
1225372571,
545547145,
1853452468,
-169747872,
-1805489827,
-48510177,
-290708954,
-1669604481,
-381404080,
-1222820494,
1425055063,
-1356246823,
-2003241207,
128126782,
-903058578,
587706182,
1669655824,
2146437565,
848855908,
-655269798,
1768330345,
1336854197,
-820572237,
-1198348277,
-1052924814,
-1627633480,
1865636684,
-231423849,
-1234907665,
1062032295,
-503375411,
-2084286300,
1269194851,
422726007,
662666995,
2118557608,
526741665,
854953783,
680515916,
-1639764854,
1159353505,
558677585,
1195811889,
-1176663415,
-1124431721,
1477781007,
-112900877,
-1665816483,
1603359041,
429416801,
1328146260,
-765270629,
428846976,
-1487010595,
64892217,
-289367459,
-1183876822,
341551366,
-1829460580,
1300821281,
-303125730,
1839518928,
1106394823,
1663390449,
1462061208,
1624280163,
-864016450,
1298757060,
894000069,
-1637709793,
39179516,
-1100923612,
-1520833639,
-1092462624,
-1770906526,
-475085552,
-433915168,
-1154812286,
1295359084,
-59699421,
-1936071533,
673288615,
-1050680667,
-1266050571,
783460717,
1940556215,
-233568932,
-2003203392,
79954620,
-1197478360,
2099291288,
-1066054330,
-1936109956,
1107098110,
-871201208,
1884802546,
-475092831,
648434837,
-10993217,
1242346045,
2030355891,
795810462,
741387870,
1490760531,
-675323232,
1685517159,
-1484453486,
1936817909,
-1415946803,
-1644317090,
-462747647,
-928333151,
477023597,
2072863959,
-1608890881,
1560823023,
667068182,
1797487628,
568576838,
693645629,
2079509649,
1829692261,
-1552837146,
1166735758,
1630573041,
13105914,
528441466,
-1084067153,
-1635184410,
-413364651,
-627239012,
1773407899,
-977412782,
-245256324,
-1113673062,
-1196828384,
2098982684,
-319177171,
-1016831127,
671357633,
-470362811,
-1935859861,
920736217,
1545061854,
171673144,
490236217,
-1443473910,
996413970,
921657701,
1914373797,
2098816542,
1465641435,
-911919600,
727554055,
-1978029265,
-1247408512,
1497064293,
-2011720822,
1155232131,
568399407,
466838992,
892332523,
451307518,
-1054431131,
35939723,
-468929663,
1767105239,
1851497618,
2018482807,
371337596,
1599214990,
386981628,
-1183409872,
597782385,
491550749,
-1366081565,
-1363092133,
-2004094699,
1427688301,
-2046390043,
-1619057343,
1819826248,
1368092939,
-1085623133,
-1947176287,
-492675243,
1120733723,
-617642843,
1426625,
-911277192,
-738815604,
-328814214,
-314646586,
-2128421984,
-1256692339,
-34537181,
-1463044795,
-434071691,
-299633602,
-1615425615,
1648575001,
2111957659,
1920401322,
349173293,
597292406,
851273784,
-1253921547,
922778551,
-108071618,
615518899,
-1946692911,
406828273,
145281939,
1619633087,
-796574922,
-1338821219,
-1160803924,
-1253650281,
952880210,
1314863236,
-1828008980,
-1240134006,
913820861,
350183833,
-1647768784,
1697618874,
1504556784,
-924385698,
-2054899864,
813551648,
1156337655,
-799381369,
-2099079320,
1087830738,
1483535717,
617180892,
901597696,
-1873784952,
-1570351479,
1714219107,
-817937335,
2134747228,
-1759179554,
2034750909,
1164828993,
1792417744,
-1959737401,
1353626832,
-744663398,
402245397,
-907280517,
-1703023962,
711893710,
413531274,
-2021170371,
703752084,
309708919,
-277207422,
1694594769,
-1851397730,
666364636,
-494479798,
192811818,
-1553825510,
-820633650,
-1178757271,
-1060585881,
1939291026,
-1028453707,
502787881,
747638528,
984750318,
212767973,
-940552106,
-1273524676,
-1941852462,
292837173,
49284933,
1811992038,
218308165,
1234077906,
1369530903,
748922175,
740769682,
2008581968,
-458909377,
-1871132362,
-1553717134,
-804697087,
1854028864,
-1130810410,
1125544042,
-1983946102,
527574715,
-1400369409,
369612658,
1807561907,
-505265752,
732173912,
1504129751,
-715276419,
2116195555,
-1158110076,
1842857057,
-1355348615,
223898858,
-654975085,
1765564344,
1122030167,
289839333,
-1390757702,
-1102773757,
-1154767939,
-598932250,
588428102,
-2004107311,
-1734554791,
1934701680,
1651812046,
192425276,
-1514004935,
1045782845,
426700968,
1626252363,
1832961369,
1016873531,
-998192995,
-1287451240,
900203389,
-762069288,
1931980000,
-419623118,
2118779969,
-90107265,
744692027,
-1183463996,
-1578497939,
-1165155231,
627047818,
-550147082,
-248478834,
1442322296,
1270916973,
175739922,
1825242817,
656889544,
-83029192,
1303566315,
2133251281,
854696423,
220387374,
-2125257990,
1024662404,
381738431,
1060840431,
238287561,
-326676943,
-2133217901,
1133541678,
1080977811,
-829321834,
-409659329,
-501930586,
2012507948,
1984465128,
473480643,
-1941527730,
-1227482082,
-1345690582,
-706846463,
-2143725365,
521845525,
286470082,
-1599878715,
2025549093,
2109254780,
-2012560056,
963134214,
1529127613,
2075973735,
1859329441,
1189951851,
-229347970,
341629619,
241005644,
1518583312,
-1598113710,
2092780907,
-1059206149,
-188157559,
-864350760,
1659360621,
-1357272987,
42965798,
1464932435,
-754789044,
369627482,
1932882040,
-1527206683,
-694752648,
453391127,
-2138648300,
-495790596,
265066652,
88420315,
1497102998,
-2050715381,
-598816953,
-1605699910,
-1236862744,
1555247997,
-2027620915,
245969840,
-1730554172,
917351142,
2023901551,
984263928,
-410987913,
-250803077,
1169480121,
-1108827746,
-1004234010,
-796252220,
-1095573717,
-1111556781,
1870977238,
-160624497,
1333372955,
581924224,
284919911,
-287910873,
-242452519,
1496376220,
928900833,
-824914490,
-887114732,
-1536593726,
-640157518,
-806334905,
769590395,
-64526723,
-1041503305,
1927580447,
-1274853209,
-1873430298,
-628172358,
-816838515,
-1808299977,
-899244559,
-403656901,
567669520,
723140924,
33539586,
-1340786061,
-394847207,
236632279,
-354874938,
-364861803,
-449737214,
-2058866143,
-277372608,
848947030,
1550904126,
-224186550,
1954363426,
1418320047,
1992887504,
-1008787196,
870544222,
428218081,
655856640,
25503777,
603044859,
1197658809,
-1631558836,
978242938,
1816421164,
-113826283,
-1400622435,
1704580115,
-786861155,
613657766,
1320137402,
-1035695748,
1535689744,
310600950,
-363531263,
-1303103367,
1368530728,
1154162093,
-1775762349,
96313829,
1413846149,
-1671695601,
-2085423024,
432119762,
-1846065392,
1378984136,
203740100,
349066997,
-676246377,
673033195,
843187552,
1794611777,
892039835,
529312056,
1882483116,
-1289788207,
851049577,
-2124209251,
-2124150468,
-1022259702,
-165564825,
1474553599,
358680097,
-2023482368,
1666235055,
-227953863,
1014656162,
1025497112,
1575052001,
786078564,
539286316,
-1656026641,
-112958668,
643536217,
-1542507130,
1470790778,
482245326,
1311702387,
-1074604216,
2024485230,
-146430634,
-82767207,
1360001421,
950626018,
2063587782,
-1726894470,
1411268583,
1324340017,
-236035451,
1947909658,
-1467703149,
1930705701,
-496098636,
38223502,
-617931795,
-637221295,
-874095417,
-1457077757,
-445909211,
1936438717,
2005192280,
-1639595772,
584150579,
-1639620408,
2004825399,
-99402757,
162009352,
1121885258,
373264837,
1321234680,
-297975803,
1798303736,
392280705,
188721585,
2049211312,
-487834100,
-876735261,
-514628151,
-1353352283,
1423950117,
-1322875032,
217015636,
-1516224310,
497452139,
322435310,
1061246875,
2131990214,
1653586422,
1710485825,
-1731251684,
-658130766,
1224053616,
-1308938507,
1484092371,
-1204417263,
-1264090888,
-830781835,
15718591,
1299852541,
629078601,
191798876,
-935640673,
-153638237,
-216713701,
-1460708093,
1137169404,
-1768994063,
-1273859127,
726866778,
-832661908,
1186309773,
1794489139,
-2133954309,
-116519660,
-1002412536,
-1765919003,
-1849905796,
463837806,
-114389677,
1624083576,
1503220484,
1937745995,
19237489,
1424807736,
25044512,
483843355,
-213648530,
-1026283258,
-1361975593,
65200492,
-226074737,
-1540442752,
788596475,
-474121808,
1126770634,
-1793848482,
1289417153,
-1042745278,
-633939336,
-1450115042,
851687572,
-1981985877,
1948794440,
660681187,
-1617741531,
2136026400,
1399308407,
27542426,
267915462,
-322358449,
1726515773,
1667774302,
348516600,
-1817260710,
-2028668534,
1066699549,
1962682690,
-263362013,
1801416945,
1196948347,
432699971,
-67874870,
-537152796,
2113212662,
413632010,
115337075,
-118080478,
-270017718,
216887717,
-444235444,
-1723707028,
-1910407402,
-1129935881,
-1660365618,
-1464945538,
1790736831,
880610767,
424853826,
-29608899,
1297530771,
-362920139,
682955398,
72387628,
-395503567,
1855114757,
-444641776,
-722254044,
-1461363415,
-183336510,
161795123,
1424595268,
-877953313,
-705398621,
