-248773502,
1147833405,
1636502232,
-147024402,
1289101248,
-2060145531,
-267751784,
2079186980,
13727005,
-1706470386,
1971028305,
1258871448,
-1589338058,
733752486,
1793698036,
-142359729,
-1919591334,
-341290660,
-1105635616,
1820771261,
232350609,
-1756570832,
-1089886072,
-752832865,
1523038688,
2098791693,
-664998318,
304695049,
995944652,
2126650103,
-1014481726,
-937925446,
92860187,
-1586714496,
1426615255,
54167991,
-2023364383,
-795501952,
400369845,
-2111783658,
-1998408774,
-906016764,
-1871643261,
-1515012326,
-1833102509,
-1263430010,
538932118,
-2060981632,
-1688528337,
-1705267874,
-2114407474,
1671190296,
1288428200,
2086202488,
-1183561408,
-1807937130,
892576818,
-1551754681,
-222631403,
778009769,
1281904871,
-552665863,
1279879857,
-1417334963,
-2100926657,
-363080980,
959266583,
395240541,
1049629726,
380198496,
876424843,
611733355,
-1028439789,
-2077919124,
-843637384,
-1878005037,
-203142434,
-940220618,
-808054380,
-1999432947,
332340275,
1658467166,
-897461183,
1605894979,
502837437,
681269434,
-328476874,
-299858141,
50807909,
-488001976,
-1358741666,
-793152011,
499626707,
2116669792,
-1394329089,
1888504559,
-1112880332,
-893198295,
-1912274913,
-612798776,
1558027325,
-445485235,
2082810914,
-1986460022,
684457072,
872261360,
589972919,
1487494060,
-1962093922,
1285733085,
375302133,
-1950928545,
-1028922708,
1160589826,
724968896,
1623038760,
-1027792231,
-1379749602,
915279985,
-2112870226,
526506943,
-1163576136,
-1064008522,
152795861,
103291992,
-494721454,
-2285131,
267490826,
103890243,
-71558946,
1810337399,
-1600616992,
-1072398328,
-578422671,
-859934332,
-1318640164,
-1321268967,
-514619082,
245087945,
1713709964,
-220022182,
-1333128796,
-1477869630,
-345993762,
1973006819,
1639082995,
-876316204,
1975289262,
-1996721916,
-1977271605,
1436047098,
-1893604448,
633663369,
217658686,
-1715260252,
1358161711,
-906420418,
-1057636872,
2108210395,
838353670,
-717511755,
-1531233867,
897265064,
-104654194,
1342816838,
360044786,
964883126,
1600963783,
1067044439,
545704167,
-971786954,
257976411,
-109210148,
-1898250317,
48760322,
-646986512,
-94334431,
543561689,
-1635056123,
-1102463555,
980541638,
-1163202837,
-1022775079,
1865840992,
-997832437,
631438212,
815508913,
-1646974227,
-486616754,
-1578070406,
-1953641864,
-1866147767,
-1153128240,
-380144812,
1924564282,
-958221895,
-428643905,
2050663417,
1432307651,
-899821899,
-136906896,
-812317782,
-1324140155,
-2004261886,
-260932373,
-204581582,
-76624962,
-1068251393,
505040812,
-986914724,
1663962,
551146046,
-1660765528,
163019428,
-1983592427,
418611030,
-1337854579,
-849156304,
1285829220,
-921712138,
-119288754,
1671479808,
-477680235,
-8179651,
-1877886242,
605383268,
1424138420,
902653001,
-2017820357,
-1398955858,
-1261130576,
-1869610226,
-229608531,
539216681,
-1428799425,
1698260072,
1843792719,
-1118824887,
-1617459714,
-1929127822,
761559758,
-249699293,
1068667099,
907732504,
-2079306896,
454311711,
-1800279370,
649944810,
944522840,
-360299541,
-576788154,
-867410893,
181087751,
421246642,
1428548921,
-1767605942,
1667566630,
1311848333,
1671229343,
941612839,
1825380226,
-610088391,
689635720,
1903490360,
-793676201,
1854579978,
-1919573525,
797887349,
-23174960,
-1733723360,
-186446391,
1572442546,
1972529102,
-1865632297,
-1865486703,
-380719053,
-221649944,
-1260760701,
-161412410,
-491694715,
-64761678,
779178333,
-615785250,
1394969995,
-907896766,
-964100425,
-1619839891,
-2061945386,
-1364225297,
342386551,
-757512830,
-300457158,
1576025948,
468897730,
876792401,
1276382365,
-1276610892,
1708985079,
-2033640687,
-1807282414,
1226121526,
489353182,
245063719,
363519781,
1189031668,
-1215079392,
-442613116,
1302625144,
-813770538,
-983794950,
-1448362422,
-677415794,
1105423845,
1344881453,
774568885,
566369766,
-1527500602,
2051825721,
-472755656,
109788235,
1203964291,
415496905,
31709670,
-2039757462,
-560853103,
-1136323472,
911683347,
-494631771,
320417806,
-252417386,
-1268167621,
-1546077914,
562656329,
-2083122004,
-46817758,
1438908725,
-140530553,
-404991578,
847885883,
680732366,
-1477410044,
-1508820822,
1264009037,
1728356718,
1840528183,
1407074565,
557717587,
-798039763,
83403098,
1127208286,
836942243,
-23611631,
-1803293143,
-513645011,
-1553774509,
321482400,
-1441029399,
382316397,
-746587176,
-496538442,
-208756309,
2021270927,
-1959675409,
-1467127911,
252839377,
2080882098,
380898495,
1516342346,
1752465617,
1215071505,
-1699358913,
-1322048227,
111427385,
461159356,
1287023573,
-469461621,
440375794,
1601529483,
-590681793,
1547222855,
984160200,
-2087875506,
-1402863178,
-1190583154,
2140898089,
-197029303,
240816208,
-745841725,
29562924,
1603496927,
321101989,
-1302222790,
28118741,
-302935668,
-2048734027,
295423059,
-1045494377,
-1658719464,
403182857,
1040869579,
-1988358119,
1185765641,
92575511,
77102414,
-650809796,
-1843730088,
525059562,
-1285300657,
1377906525,
-1676491928,
1780287746,
210154524,
-1659812393,
561637171,
-955390600,
1326536492,
-1372991797,
-1610032186,
942347621,
1926569403,
1264423458,
-268318481,
-1207357052,
-2070548840,
182714067,
599914547,
-1652305642,
-213799619,
-111401119,
-181014267,
-1619770363,
556389152,
1619296935,
636920885,
-1659417780,
-819148216,
1739027671,
407460518,
-647269483,
-259924702,
1784210624,
-1532798140,
-1069025757,
766758804,
1495359822,
334330932,
495338482,
830698834,
1987550039,
-237825204,
-677994724,
-1137911440,
-2127480940,
-1893008956,
1366976125,
773770041,
1486896364,
-230648018,
178583450,
-1679956930,
1579328248,
883828643,
2146323134,
-1228317775,
272483523,
-69684930,
-1244615323,
-1425458445,
1555545041,
-1791927090,
-740475170,
391300970,
-37951646,
23537094,
1508447019,
547960216,
1916806135,
-856746632,
1664032811,
1477310825,
396916501,
1475902850,
817977594,
1131759563,
-221826232,
927327624,
-2056938600,
1133026692,
1815992426,
-1447387101,
-811510584,
-1106616513,
-919915483,
-151504104,
1837170234,
-1236605209,
1617659573,
-1721352500,
-1630086421,
-1286565321,
1596960754,
-1129189129,
-1065445940,
861513361,
-1989433203,
813371032,
-739662175,
1064836623,
1943849881,
12431656,
-334323412,
-1787514409,
-1301498803,
1910035218,
171168394,
-2094549581,
-692210680,
-669767839,
327143644,
-95708959,
-1678105452,
1367292091,
-1948196568,
-1347018714,
2127567534,
-1473313907,
-2102503550,
-1306350295,
1192705222,
-511803513,
-610970266,
-863426819,
-1137262078,
1078578250,
-1176204696,
329406463,
708697480,
-1151142560,
356571918,
385078497,
1409358332,
1241153900,
1321406972,
-1865760505,
-2102171321,
-1935327070,
1255997266,
-282196975,
765062298,
-1773400456,
291940945,
1329972408,
283490482,
870939293,
404388164,
1044331741,
-642835875,
-2017161942,
517043101,
-745456929,
-222159044,
202840599,
1178534493,
569828396,
-1566284087,
-1123985425,
-872557895,
62623002,
-80183397,
-644633145,
2142617338,
1967897079,
115561704,
718466156,
-1623400028,
-475226786,
-631476148,
1294624475,
-1055639846,
2092738508,
1973031880,
134389237,
-540905472,
-231408526,
-1512673268,
929723251,
1804983714,
-1752375476,
-423920904,
1210849303,
-1652517997,
-77762447,
-711513504,
1451632931,
-1689244839,
1475692717,
1867650831,
-430657266,
1974782152,
-1984902324,
-1795240946,
536674165,
-1449048852,
-844807880,
1131955750,
-349533105,
-1027038420,
-579202746,
1558865826,
110778981,
-1835322197,
523020748,
-1350081448,
-300577536,
1483214321,
1982918518,
660171242,
-2070731549,
1248703178,
-936819367,
1917847625,
-880535429,
1726946414,
-946961848,
832380538,
-1597228204,
-300909087,
-212768922,
-1972547684,
1847437519,
-1550751076,
-1459328004,
776225833,
-1114397166,
548422509,
1890972300,
-117097604,
-742052033,
1557990811,
1804614438,
-63655534,
1045865447,
-710928308,
-1177180423,
881335572,
-359315775,
-1250225109,
1193615660,
1956972948,
-115440490,
1020363077,
1314636014,
104927767,
2101360255,
-649095373,
-31065908,
-1511489581,
2011059026,
-2045441154,
1973675841,
1439273273,
696108121,
-1554294210,
715758739,
-583094987,
-992259771,
-1247447804,
442329564,
-172882253,
1181800290,
-721355783,
-1501328026,
907637861,
-591773685,
-759208633,
115855420,
-588152637,
-1271993761,
-1315981641,
-464852739,
25884243,
-402949068,
1330099610,
1111668723,
1492020266,
-925675957,
-1959415571,
-589713309,
1020106417,
217049029,
-1513993801,
-1364524250,
-1405984596,
-221758250,
-1866736202,
1778278008,
2048397432,
40936632,
-786728902,
1413437199,
1041956243,
858766049,
-173183665,
-2074489233,
321886817,
-1964793993,
1879442209,
-213521796,
-132524499,
1184254723,
1624034716,
-542936496,
963255149,
-1504253595,
468688978,
-1829919666,
-1386910135,
760836103,
1727543970,
-842147465,
2064805726,
-1715674283,
-1177677291,
-1029404164,
1908229822,
-932446356,
-1159733493,
650479379,
-1570718917,
-527222767,
1363595158,
761101837,
-1780287003,
1784824804,
-1540389723,
801380520,
1719194064,
-1115773228,
1156791652,
-278966623,
-1792382950,
-1880100907,
1124979939,
577879181,
1126213675,
1705352656,
-1664911883,
-663284759,
-1541213122,
1849810907,
521349466,
21952623,
-266282463,
-1311529814,
1908515360,
1705500331,
-1256468424,
-1461867196,
-2095453115,
-601833524,
1568751303,
-676358407,
1891099041,
-961431873,
-1186637457,
1274089618,
831162626,
-2074551687,
-837579527,
-326193462,
-679820392,
-1257641580,
-1661893294,
456856573,
251980947,
-155935971,
-1510076458,
-626106593,
1188712202,
991865003,
-37397040,
1626936814,
2072614430,
1821107636,
-952603839,
14614123,
1098619743,
-872417253,
-504525344,
-1417569402,
881080174,
478840332,
-500404126,
-337034985,
907868386,
885517580,
-945291781,
1400304405,
-1000741521,
802018891,
-185794013,
2016969729,
-2113492667,
39599164,
1018462365,
935044771,
-1235429195,
1436595559,
1337264564,
831776504,
-290838502,
-278718339,
-847343929,
-678248854,
4701686,
-1387278932,
-643794168,
-168806591,
-877526181,
-813342412,
-2079189888,
-694824103,
1419941515,
1926245178,
-53384874,
-1213945323,
-318487582,
911745244,
1596804431,
23785875,
1538468084,
-130932091,
-1787614312,
-1165203680,
-2105973262,
-913876095,
570536131,
493112046,
584778065,
-82147629,
2068680975,
-824253692,
-179707476,
-954454714,
-1653215508,
678672757,
1820656105,
1388064961,
-1042668099,
-607581740,
-1250671717,
-906479393,
469433567,
840700390,
-318471257,
1208734911,
-1760721175,
-2096023143,
664655145,
1071670808,
-381275851,
-1588967883,
-351795560,
-1490540145,
-1119434849,
-967832367,
-1305488089,
1437659212,
125989004,
-1908385785,
746680942,
-1104126262,
-115940051,
1569191147,
1051934793,
1469367534,
63597061,
-755229896,
-1826232576,
184738651,
1876052904,
-567958324,
1655515559,
-1537592828,
-2080513084,
-1748776874,
1306991816,
1319009281,
-534877595,
-390902963,
-914513090,
1547625638,
-1740368012,
1824677667,
252204387,
438282706,
-772974464,
1388879290,
1728263789,
-456312956,
315432640,
1960696086,
1219550229,
-1366007629,
1469679960,
-1442729388,
1896148089,
883216734,
681865179,
-1053742117,
203298370,
908070368,
-1106013935,
2080811728,
463791881,
-1689742455,
1722182137,
-1076618289,
-908647434,
-232133013,
-1772881648,
-2031210793,
-1688368982,
1649137777,
-1779764781,
-1948590459,
-612102050,
-141576780,
-696048509,
1417983620,
-45404852,
913900049,
-2093539800,
-4747965,
1917489741,
1997964278,
1837712599,
-901602071,
-54234429,
-1060415364,
-1119357898,
-1503172731,
1053973688,
1569991867,
-2013766080,
-419745142,
461574471,
945174616,
1174942789,
185984377,
-363659462,
1284164962,
-243114956,
1049503711,
-404798476,
-9203362,
-486328804,
1914673794,
1112364689,
-1993296992,
1919759856,
-1020893225,
-1965047477,
-1881951012,
833017226,
-1180768330,
-892170977,
-2061593605,
-994630926,
315574864,
1847608239,
306738226,
-467243297,
-85164448,
1165667178,
287182929,
-1059266691,
-815085920,
131113449,
6655832,
-1810830480,
-1984056706,
-1653819236,
533892688,
-1368129256,
2119331343,
-1588693083,
391148375,
1743511062,
415931715,
-1826985213,
993418747,
957045519,
204289626,
991649267,
-1269217077,
1634054063,
522588054,
1955686546,
1965436971,
1711502064,
1489245234,
-2026785850,
1832342120,
-1980703844,
347165842,
696522591,
-1468736244,
206636304,
501179835,
1358558840,
1459788658,
1541028930,
-1084898300,
-596902365,
1430354588,
-1151624956,
460795150,
-1872582076,
-129698237,
-1238603895,
-1779555088,
-1805142851,
1082770223,
-1301666264,
-1296033097,
-740502837,
1404848841,
1643256672,
822730765,
632710319,
1144179693,
-2041591781,
14641207,
-1556153456,
-760728315,
-1347831241,
-587988412,
-118302305,
1778518866,
1464501057,
424641155,
-70201220,
381481869,
-67381373,
-1549267147,
1265639896,
-2126467154,
88480064,
926909571,
201410138,
-451566070,
-83438531,
-1868651599,
-1252409658,
-603765341,
-1527452285,
-1669889644,
-477539492,
1824512955,
-2116973725,
-2086934463,
-193370755,
-967856470,
-1804535366,
1535877126,
-486721644,
616198641,
632753782,
-1561734242,
885280563,
-1768200306,
-229191080,
2053637023,
1410225532,
1585562257,
1910338043,
1621638455,
1376917954,
-329507090,
-426984684,
-1317042153,
-1174431121,
1937973909,
-1559647750,
303873966,
-660654041,
-828073024,
539478889,
-1960359014,
403601197,
621916299,
-765299070,
1261202267,
-599985402,
-502795319,
673260309,
-840365751,
-1580046245,
1605792532,
938762275,
-1956034361,
407959843,
-633531867,
-1395839330,
-338279495,
131403521,
334874470,
-1240939406,
1297984307,
755400682,
-1589867067,
-1236862008,
-1473888398,
-656090870,
1071914955,
782365320,
872370959,
944960488,
1792200684,
-935223776,
1135136113,
1055144391,
-1776020960,
1018058628,
-445357949,
2075146575,
283151026,
1374790517,
1205331366,
-1273531796,
1747433047,
-893076732,
496244201,
967736438,
-1581023359,
1895864409,
2006061431,
741534354,
-1697688331,
-1451521104,
-1513264560,
2025820759,
-6187621,
-121856860,
-2084067781,
-1834215244,
1975477652,
-1213383760,
727542779,
-488773360,
-862961519,
-487192591,
-509292608,
1846475442,
252173666,
1731964208,
1610576608,
-1947137950,
-1529727283,
-868409824,
-2029884730,
-296083888,
-302592607,
1764011747,
1820402474,
51487285,
-710576119,
-512633902,
1629990786,
-1432143432,
1093685797,
335120509,
2145664952,
-1257295086,
1415291862,
-1328045328,
287747100,
-662285324,
-1385836583,
-1475635400,
821578907,
1356411559,
-1229545449,
-1524666587,
-664957135,
-702448267,
1262912314,
-320865712,
2073428380,
-1867656121,
1388547971,
-1927710113,
-1494826415,
1973360783,
-461152550,
-1011069049,
1575390387,
-2060429465,
2041452582,
1996581202,
-318647166,
-1752124934,
-520078882,
861831074,
2103485585,
1103685667,
-163186208,
1385584629,
666842299,
1201432915,
-1634972031,
556899049,
-966431977,
-1812983882,
-1791953692,
1097924098,
544783466,
-1119950440,
515639439,
1687274923,
-1398333475,
1095218437,
-2113732549,
961143674,
2111900143,
1487139248,
264119275,
552678584,
-1916558676,
581152021,
-1313419201,
-1608407777,
-1800164577,
-237540127,
910564105,
1542470117,
-1162033660,
1415830417,
1749069088,
-696432391,
1565530049,
-1764680872,
669377908,
-1799724916,
-667389545,
-1631460539,
607492450,
942187218,
315194388,
589089445,
376505929,
-1170564599,
-1733126964,
720660133,
-524236707,
-131020614,
1194677064,
-232710596,
641919675,
1039694398,
1326115133,
-1807099833,
-1419680580,
1627953027,
675467776,
1262938101,
1786943629,
699433999,
2065204537,
1721555812,
2795263,
1846101829,
1181032662,
226693260,
733850779,
234456551,
1026375235,
633615451,
1015036921,
1740705756,
1880778455,
-1912270814,
-1904957103,
1485375026,
-1867326575,
199248175,
-1115096238,
683793765,
437888003,
-1811155270,
141727026,
552124385,
1229723789,
-962055676,
-321786363,
-186510139,
1550932942,
-635173699,
1426712914,
-1028706583,
287536984,
-1642571355,
-1831099165,
1495361570,
-1008660574,
-2091986058,
-1047474211,
-1400034108,
307356482,
-1725649407,
1150017295,
1587788647,
368544091,
-2133324393,
-1128877426,
-1547526930,
-2004409517,
1733320874,
-1514307455,
2004097220,
-1379928631,
-69683277,
-1936910024,
1540106601,
861805766,
273495893,
-2006394749,
-268323540,
1174916914,
1940588737,
-262285247,
-1436807367,
-2063145592,
-1392219044,
-1524746185,
1552483542,
-578316339,
1758515871,
1017679650,
-806356247,
1949345469,
-1213522113,
-959653618,
1843060669,
-528980921,
437156493,
820082408,
1167455493,
190664508,
-758885090,
-921693358,
-718031328,
-362793406,
264012206,
1607172278,
1085431454,
722015758,
1093830977,
-1250106211,
1662309634,
1109337809,
-275669622,
-2071477183,
-1512505911,
2001718515,
-1413821039,
-1582709152,
1498528427,
-1450745602,
1499947151,
-2018230702,
1946884640,
351929052,
983268124,
-1393896354,
-54297819,
956951621,
1539011211,
1228136264,
-907237057,
-1390676366,
2081976980,
-1577303250,
-816565056,
-951957738,
1693407540,
2088364435,
-2034070712,
699422862,
186576081,
1310009020,
2136249486,
-882192042,
1955123360,
108175418,
827053920,
-1059529025,
1801640778,
-1810069304,
-2058523929,
-1056700706,
-1242254387,
1432569174,
1053308976,
799974855,
446159008,
-1610952859,
-1648406553,
-768046597,
-1668385510,
475752597,
213735524,
2026660894,
1755818260,
1665233787,
-930981909,
-171442707,
250488524,
-1257142856,
-531800273,
368864366,
1124616972,
-1314715834,
1001904152,
-1132285592,
767497099,
742716181,
103840966,
1337229333,
-1047292014,
-386560810,
-998229292,
-1046472427,
-928979230,
-1510006763,
-1096579360,
1481208230,
-310218028,
230235277,
1676076107,
276437522,
-1579850302,
1481515959,
-119691971,
-603678872,
-311587675,
-1436755036,
-1833556245,
-646503314,
935114495,
-732783860,
31395356,
-226161195,
2071310587,
-1933819226,
2066040808,
2133663150,
-379438127,
-1229269063,
850055874,
-1055471075,
1291167855,
-1299270670,
-1550675015,
1543969611,
-241436587,
570777208,
1513995258,
-1461093216,
-580933440,
1388536381,
-105151847,
-1611141838,
-495023094,
-1775979113,
399783568,
-1890499720,
-534227632,
-150763762,
-366678777,
1292073026,
19380821,
-765557897,
-1705947179,
-1451545363,
2011254693,
97839425,
866472006,
-1465327407,
539067133,
1870658830,
1104724510,
943688190,
853891050,
-216616059,
1933779678,
1870103848,
1558170287,
-910056346,
1894650181,
-872673057,
-1204290197,
-1982686498,
-119981799,
-1218918398,
1931121531,
-1561045221,
1923790630,
-73412747,
24829724,
1738298659,
1362311559,
-1269257455,
788972885,
-1630425887,
-1143119837,
-179114532,
-115704813,
-822517887,
378806650,
-2097727111,
-441481579,
1552524796,
-182175839,
-228310814,
1444189194,
1804276982,
81320331,
-1303592365,
-1057872777,
2045225415,
743720073,
1667673225,
-1728440354,
2146768086,
44620307,
-2020941012,
450792348,
1034474798,
1136645576,
-1666689400,
537831954,
985266506,
-848896077,
-609983869,
444485768,
-2254541,
908984015,
-429020981,
1655156557,
-1668784692,
970174412,
52812366,
1111771170,
-1469011604,
244655123,
395977711,
-2043875625,
1873950125,
-2020283128,
1737044598,
-1499025354,
-986891645,
-2098554994,
1286668743,
-1453538528,
1304982160,
437386191,
1485695830,
296085494,
-908160843,
-107395780,
-531126310,
1958074938,
-1785398548,
89716435,
593508416,
1849800821,
107142740,
1634824095,
-2050758174,
-1188526502,
-2131955571,
1107145605,
-1399264776,
1964977451,
-1077185979,
-1406960580,
1220549710,
678534747,
1058359059,
119854749,
-1587533513,
-1176437644,
-1562102141,
-342372324,
1110374081,
2093018682,
364096113,
-1104349034,
-750976727,
-420184048,
2008841882,
179682380,
54085265,
-1215481957,
260420975,
1067964975,
2036054511,
735395237,
-1760877012,
-630490531,
344944968,
2042085955,
-1386710999,
-1919571733,
-514522338,
-1610023112,
596115312,
-1274464028,
1785251623,
-647922532,
1660571279,
185881490,
-1866469825,
-1554613320,
1922339246,
1111570427,
1495967134,
-2079085516,
1730217699,
1173679790,
-132597427,
301502323,
1624123332,
442430911,
1776380373,
1847471678,
-2105649091,
-1024906993,
-1631164102,
2043675807,
-2006765916,
-1350079792,
1760899879,
-900904945,
394045706,
-516239289,
524891242,
1540746195,
1883628500,
-770418988,
751072673,
-2024208478,
-1856100983,
-683711185,
1641790773,
-347044725,
-728345620,
1566350579,
-586261369,
447755285,
-961010099,
-50741152,
1125194857,
-1433619033,
433957147,
-293883812,
-145294128,
-226439638,
-1601902914,
379307707,
993639367,
-1155656212,
-705377885,
2129268927,
-407939163,
-2095046457,
-2075817065,
349842914,
-1432813438,
-1243118463,
447759961,
-2047289646,
-796185370,
-2043387530,
-1796310679,
-851160900,
632669635,
1701728628,
-676619994,
-729657139,
126786981,
-1404968731,
-610796777,
-2129521675,
2085594919,
-885393869,
969782152,
-1235112211,
-528638296,
-1283601561,
-835897255,
-1525032325,
1019419455,
1866620435,
1751178513,
92520436,
-1699267861,
-1861715598,
2006154297,
1105234434,
619077134,
380550861,
1624760807,
-1029522009,
-1461279204,
468799519,
-1174156392,
1861590913,
1219046287,
-1519976196,
-73756349,
2013210959,
366223134,
1940271534,
-1047475286,
-519220301,
-1241429459,
473544864,
1433635826,
581417017,
2088739462,
766541311,
-1038944138,
1049284503,
82699593,
1536732573,
-226925865,
-1625141194,
-454071007,
820093721,
-1997198505,
-227774223,
-1852065864,
-1859259331,
-259193497,
-1635249124,
-631484820,
105987494,
1083928957,
-2117329209,
368313922,
-53766742,
-2000191445,
-110723006,
983943962,
1389283701,
6173293,
-60445212,
-148870620,
125290613,
-261027006,
-839411960,
-1841819758,
497607160,
1767089789,
-53127848,
-489854065,
2107095314,
1666935004,
931339597,
1389212271,
-2081680700,
-1654547111,
-780127499,
1194716199,
461038169,
-1028025408,
-1795496201,
-692631810,
2038118419,
1397855361,
-749150252,
-935239292,
-2117536249,
-1127301689,
1160000367,
-309149757,
1134784325,
-1478419000,
-1544416049,
322887604,
362042683,
-485581218,
1994398242,
-1566793484,
1796052826,
-1861708330,
143744772,
1510405047,
1175656697,
1837699336,
744818433,
134546172,
-47226502,
-2047726937,
1546904664,
1301171714,
809544362,
-1413807142,
-663009535,
368207098,
396226925,
56308235,
515323889,
-1489814275,
-1628836710,
1277081086,
219063452,
387731264,
-505147869,
291098660,
-73908549,
793769861,
-203033991,
-1256896976,
-1968761777,
-1339570732,
1287512622,
-725553686,
-1090903067,
-1227114646,
-1652733477,
-1560047292,
-1600491238,
1244629746,
668748867,
-2086895702,
333929825,
-1457216526,
1497486008,
549216414,
906578179,
-1943916153,
1636941757,
-914351229,
-1828798361,
-1309897643,
-1411831828,
-1198397256,
66632083,
-1713373256,
-1911900902,
-979247128,
-1661032974,
1936880190,
-1552181320,
1839765407,
-2128913321,
54698329,
636725884,
1375447585,
-1193271487,
1865606224,
824814655,
-1503317129,
-1071955104,
-1468487049,
1185854504,
804035785,
-1317782952,
325658783,
584729610,
-1307555597,
158795204,
1549724111,
544906506,
202700369,
2058704509,
1453012787,
253966981,
-49747491,
1245961243,
-1195275436,
-1456629968,
140916604,
-79787845,
1773831305,
1360961664,
1478540180,
-1989751550,
1806633645,
-1671070645,
-1600022047,
849023074,
-794584047,
-1987148626,
-251964023,
1964435867,
1078392244,
1280286257,
1254020717,
-648029307,
-1610184015,
-125744087,
-1165299775,
-1027958261,
1219395320,
1214916445,
703937502,
-2076107910,
-1224599232,
1761123052,
235168086,
-1955464709,
-636166084,
1776356205,
-2006903479,
-2020218530,
-1979984116,
1448397912,
1038380790,
132138264,
2129759478,
1734903715,
-1870700396,
1425799822,
2071917653,
1770453936,
-1377801886,
235295636,
-1629080367,
-1397279899,
-319171332,
-787651281,
-819204913,
1783340188,
-1008985104,
2084578978,
1592694315,
-738090818,
-1971504751,
727348392,
-100466140,
1190110122,
-1354822902,
1287095549,
667426967,
-904295206,
-1265366091,
387550755,
1922270832,
-480100664,
-1790770515,
1692247906,
1404790621,
1477615758,
733967777,
-549509873,
718927555,
-157999668,
706082027,
1421735185,
-1070504971,
-2020687667,
-1605856032,
-1259356256,
-1932073565,
1533889260,
535373929,
574345296,
1656653968,
420736820,
847515858,
-1015149746,
707310983,
-523857082,
508016354,
-326274328,
-1936874865,
235780735,
914489643,
157745490,
1311908701,
-766804135,
625892258,
-1400513882,
978619657,
442253073,
2120492145,
-1308746964,
1234673924,
706993034,
1503564299,
-1770011173,
-1438862518,
-1416448143,
-606837119,
-1346660576,
-1659011117,
-1715744607,
925303828,
-1426341923,
1953063758,
373791943,
1582675722,
-1554068301,
556854033,
1579519049,
303777988,
-750568060,
-1912213430,
1679316835,
292106256,
-1336504013,
-425348486,
584546707,
-1632308548,
2141374893,
-234511068,
792887095,
-1564373909,
-1155421139,
-730667839,
197724531,
-241701205,
487408059,
637503222,
-218846120,
1711205957,
-1298572299,
-176670200,
1580206914,
200552919,
-533061103,
1959782287,
968415105,
-1599277664,
-245896671,
9850473,
627086650,
-1883326309,
1418781337,
-2081830927,
496650895,
-428005682,
2024624142,
-459035535,
-1617855235,
-1449405213,
-713858240,
-612234540,
-1612111610,
-1829265161,
-1026299046,
151562143,
881287183,
-1756050255,
-1732679561,
352220962,
2025674890,
454829206,
777470568,
-2096363798,
912800855,
1928513692,
963585972,
-1504540039,
547058023,
112028156,
-1864443681,
-1223000264,
-1288071006,
332993100,
-1037507601,
-1405871188,
14458635,
-568277044,
1406080043,
-1131217432,
734739744,
-394747137,
243112485,
-1471034046,
-373520250,
1064053117,
-1720569861,
1642185545,
454065125,
-1535704569,
-75842087,
-470462474,
657365265,
-1725147684,
1302020801,
-571192032,
-685110935,
-2141031606,
1193477518,
180057397,
-807608188,
-1059224185,
-1326099915,
324014374,
2074240265,
-1857194559,
793397070,
-1672736349,
871531485,
-1239398030,
-495945774,
-933886072,
983486852,
1877709305,
-664771290,
121352086,
-1550598720,
1782890854,
645862744,
1602028902,
-1459167874,
620693,
1157450151,
-1702817383,
522546930,
1352016509,
806689096,
1770841940,
1474591744,
-1434816311,
792720487,
-30898965,
-439992611,
-786395736,
2073777003,
-484144165,
1400810742,
-992667935,
1699911294,
-1892744194,
1083919376,
1961571881,
-532096692,
236232185,
-286214736,
865692344,
1655029514,
-844158728,
1540517052,
-941565927,
-661357895,
-1638322275,
-1723864735,
-1936052671,
-1078683733,
130674741,
2021392183,
2044755683,
-1498397114,
1639719980,
1462895011,
549688322,
-1167838969,
-1896527166,
1151224445,
1034984391,
1715543497,
-1603638529,
-479852814,
1570323860,
-1991254201,
278560996,
-1323012438,
1104047192,
1355045599,
872810978,
1685178668,
-402290139,
1687463576,
506356880,
797631873,
-464277249,
-162167962,
-1174472809,
520480791,
-1420544779,
787330988,
-1943186448,
-613707032,
1886172021,
-255455743,
1430046289,
-2007340069,
-663600164,
1916009526,
312806372,
-1236572822,
1226349901,
-1556531560,
711138874,
-1553601148,
2060273091,
-225266830,
-2060039554,
-968128844,
-500294040,
-323624235,
557516781,
-1583263871,
-647241434,
1946361498,
196624773,
-1700783080,
1306420094,
1348507303,
2097874684,
1448740392,
1410970265,
1843477874,
-1582861,
1928238861,
-231711588,
-95455037,
-1930951573,
701820976,
-843023552,
1353423549,
2009907575,
150312364,
791565216,
875194142,
206113075,
-540819659,
-28795051,
-1304418107,
264132340,
-970960075,
1539297983,
1359551348,
-882390848,
-1295060937,
932902053,
757607895,
976376576,
15181960,
-2073437440,
-733913147,
-566756492,
-46771173,
1117643027,
-3850044,
918507366,
-1205691219,
-999331137,
-1692970286,
-536901342,
-456513495,
-95958764,
-2140056222,
-721610588,
615023948,
-418622421,
495041700,
-791051373,
1186905740,
874565170,
1273223433,
1395445870,
1676064565,
1002726343,
1853125382,
-1314000636,
1847375573,
1456332170,
-1418862825,
-70066135,
1884014298,
771806957,
-2141008378,
1248356006,
-170932615,
-1199632819,
283073900,
-1599292559,
-1767221040,
1031152198,
1458318456,
1970762525,
-1785327282,
-2141499326,
-1373144849,
-1263766893,
-1711963566,
1779173459,
988055667,
-488711934,
2136085010,
1329818178,
520217095,
-1847323373,
-1057441346,
54657000,
-1171579951,
-2073650847,
1619071716,
1703299259,
-750567134,
1804264488,
468539157,
273279659,
956372147,
-1146040772,
299382217,
1415617582,
1754706737,
-2021239493,
1779410047,
861084569,
517102076,
-230664955,
2102005032,
-1956526158,
1790858794,
-1642011540,
697663173,
-4215422,
883056593,
2059028776,
1224131662,
990912366,
27846021,
-1445415155,
-2035776042,
943597960,
-1618015201,
2045529727,
1674106859,
392591138,
-319920448,
74452517,
273014082,
1325497764,
-31741163,
492940252,
-1497342316,
2114257055,
-863640101,
1772718318,
1411742914,
-812563679,
-1825180763,
-1802422909,
1546576191,
1697610314,
516309469,
1532639063,
-989130578,
250369311,
371661832,
418252716,
-1536834615,
1106423198,
-1945892531,
1841003650,
-1725797755,
-1678264559,
-1293746633,
-798682875,
1570323827,
-989119065,
274622137,
908509511,
-1605795479,
1869859647,
40324210,
2098294063,
1794761057,
-412629625,
1418534195,
-240847184,
1818886816,
-940451515,
1193072061,
-1137602755,
-179914982,
1080051444,
247567566,
2080106619,
-2008780268,
-209460078,
91019870,
229063736,
-2057706741,
150792376,
-1796409563,
-618438757,
-481371436,
102814442,
620523617,
-57911907,
-1485709564,
-2132409040,
-503489579,
1984697527,
193531793,
-1594432795,
591394836,
-2002357284,
473514681,
-1562933042,
803472639,
182612650,
1214806818,
2082894446,
-2074566517,
1606635739,
2060393538,
934387863,
-260658233,
-1791547135,
742228224,
1503597892,
-1687290851,
-1924660622,
-1924015973,
1619048614,
1602084055,
-1380479360,
-1145803317,
1696136060,
-134896411,
92079341,
-1615938523,
-1592341849,
545416412,
1323291549,
-581699645,
-899373059,
1100673346,
-647948915,
1857547043,
1309670493,
1529597192,
-1823406845,
1562070863,
2022373122,
280541271,
-284369657,
1673724478,
39620124,
-1857951857,
-1095442927,
1923202938,
-1653115748,
1570186892,
-772707837,
1330790146,
1772755279,
-106730454,
-816223399,
1650056817,
1663501102,
1960813067,
-1921287266,
-477480866,
1044782835,
-2084330345,
-374440671,
-2066067962,
-594226705,
-67584189,
-1947886615,
-982112472,
-766253542,
-947836650,
705620453,
-1186067408,
-572546197,
1950106985,
574818919,
710721175,
-579884438,
224898286,
-864050989,
175002505,
-1335794685,
-667335950,
-905087341,
-1666739001,
-1860625764,
1269750502,
625904717,
396889038,
817041512,
1651782171,
129993304,
-1306584263,
662644477,
1820869068,
-1732557717,
-1504785821,
-371790812,
1230450017,
-1522121577,
863840080,
965156847,
1921929458,
-1693216394,
-1728093492,
771950609,
1078211593,
911418276,
1939344084,
707339369,
409363627,
-974274962,
1838417717,
46536927,
-637829479,
-740745271,
1520974963,
-562306957,
1491591891,
980073350,
1280047340,
-209674861,
2093474653,
-1690405438,
-127233989,
-888562772,
-447060156,
-609611614,
-1526150943,
-2106829310,
1965247203,
-988987072,
1176567842,
407410628,
-274923422,
1742315488,
1371744300,
-39057062,
-674941825,
372041574,
531891326,
1095810818,
-699892848,
428554252,
932792455,
-216163174,
1347242696,
99504463,
1635155085,
422093502,
824099257,
1178203946,
1780010192,
1525184789,
-1375991783,
846526086,
-2041698577,
-1807496728,
1952007112,
1646886128,
-425309815,
-704494860,
-64263407,
-1538869364,
407022119,
218910592,
-509053137,
-318182071,
405034328,
186900400,
947501843,
-250836907,
-1011536611,
-74329829,
-973708700,
235127507,
1966877063,
1105775772,
1155030215,
-2066879797,
-473792610,
1102556517,
322845024,
287994210,
-1242967419,
-653081255,
-2014267753,
942750026,
-325987621,
1048351385,
1040910878,
-1956849541,
1328410723,
439073375,
-896457421,
-511000286,
781320678,
-734700277,
-428902110,
-1524595238,
503777111,
973084539,
1158938638,
-1111184103,
199715384,
1859470751,
1015582191,
-267597844,
1830051900,
179001931,
2079501790,
1701429222,
-544451538,
-526557106,
1088262032,
901156949,
-897287919,
19986628,
2130102559,
-2124620105,
-2082083961,
-1664259416,
-114364144,
-498719124,
1982924150,
-1243899987,
1522226321,
-1710789716,
-1664104472,
1898965581,
1921404418,
136358330,
-1979023566,
-203648735,
275775414,
721973337,
-2023750312,
1620810611,
-241600774,
2102355071,
1630881455,
-1041904879,
873495381,
-1666279352,
400944324,
-1446760604,
47353361,
1049554477,
746214268,
-1967661632,
1703009786,
-473498763,
484781180,
1458854652,
865022821,
389029355,
351106250,
-1310815675,
893917299,
1334491344,
-200302412,
-326421201,
510181782,
-2009805549,
-940891664,
1846903052,
-1446675884,
2092261567,
1551870980,
-313072255,
479697483,
206727604,
-909124888,
-1206945707,
-2043263372,
2081304473,
397746153,
-182017396,
1589871275,
566515984,
1997215951,
2040107700,
-1462085778,
-101836756,
-652823231,
455999614,
1741885412,
-166188513,
762302056,
-296413809,
1375654945,
-1685283273,
2046432467,
655593368,
-460577880,
727554059,
-1310426982,
1417768867,
-371592143,
-702709519,
1718906821,
-456865104,
-1558742869,
-245080910,
-1999323410,
-1584361600,
-412429181,
990459264,
-1116362716,
-1939253841,
-38191322,
-1728982233,
-1576623086,
-343963128,
-825271355,
-1815465597,
-1393555104,
-988836844,
1683016023,
-635934158,
1790264920,
-1657958156,
-641585436,
792266121,
688820428,
1106009968,
-797882369,
1109059275,
320024631,
1496004943,
-1053641325,
1901152152,
1002161698,
1531479528,
-668625182,
-1601866078,
-1768539959,
-1547955719,
1260990155,
230247847,
-805624834,
1299511478,
-1011803829,
-697920870,
-525405108,
168069669,
-1268198075,
1419163683,
181866590,
-111099224,
-2099272059,
500281674,
969782434,
-2120341541,
-914222078,
-1602630546,
-102406872,
464133792,
-1632205213,
-1156200069,
47651280,
688655991,
-2025403708,
1130995547,
-1650161500,
-263920110,
1285062073,
206677165,
-1486212478,
1724503336,
1725080210,
1213927348,
473110014,
571494281,
-1741755680,
391119249,
-1717949306,
-1578193550,
228160056,
-40070988,
925111750,
-1225392862,
833221174,
148211344,
469603660,
1956567468,
-164777276,
-2080324467,
-177093009,
1651268367,
-836126052,
-1815444413,
-1724568979,
1170568067,
-894368758,
-1915623708,
-791612205,
1232490005,
811776502,
-1041594376,
1246509601,
-1395621259,
-1776238303,
265815888,
-1679366995,
-864407026,
-540077649,
-1830568396,
-141257785,
-546741673,
-1510955804,
-436464674,
-987510499,
1552558184,
1291778866,
-1173347028,
-1310717855,
-1369212464,
-240812429,
1414640528,
-1874604760,
-1158170971,
-1579531150,
-432894134,
2084141845,
1146831067,
576845231,
-594415399,
1589161014,
1129100505,
-991634333,
1105294766,
8356269,
-306210999,
-526950463,
391164963,
629004946,
151227439,
651718526,
1183423146,
-1820158696,
-1354798275,
-498293869,
527896137,
-1122419218,
-1550269084,
-903539647,
-1892516795,
-7810585,
1423290286,
1353526869,
-1513336035,
-825592356,
2093999946,
-1809119315,
326014649,
-967227184,
-252861720,
2144466938,
-241695773,
-1070943146,
1447404871,
1614772678,
371291894,
-835657937,
2019124491,
-1611229256,
-358184492,
616506934,
-2069275181,
2093902359,
520461597,
-1220362368,
1158995595,
59533452,
-935673699,
-348132417,
272099582,
858493995,
-1994641659,
1772509670,
-821102930,
-773997132,
666259677,
-1298816750,
-2091796761,
-1159435243,
-1955562823,
-975899480,
-680322543,
-2110576845,
486726314,
1892644538,
-1320796602,
-2119882007,
618219767,
-1005007698,
-1741876956,
1202505296,
1174794253,
-594290143,
682539747,
16968512,
-22937677,
-1181759992,
1184966313,
-1438535145,
162127745,
-674386408,
1441938460,
1941755320,
759534738,
-341595033,
1574084153,
-443061290,
-230338952,
1889014611,
-1815280797,
-1673110158,
-1314566288,
354026402,
-1317897537,
1252221857,
-2106874922,
-341131029,
-1997196610,
1991019667,
-1067098918,
35481651,
1083217146,
-850883376,
-93306252,
-1312232230,
993446726,
539517123,
542716053,
-220037192,
468255232,
459473532,
1143378846,
-403389310,
832633768,
1995454385,
1680455701,
113932658,
2030553526,
385072133,
-1582767723,
-261524185,
-660685145,
-182826100,
1587502342,
-1943724343,
951905624,
1365135758,
-886046194,
278774896,
471124376,
295845771,
-197535801,
-1292602426,
-1130709513,
837472383,
-549072718,
-19842838,
-723596572,
48479335,
1476383210,
-883693673,
-461864202,
-973234173,
-404981348,
669373061,
944109705,
370941148,
-726640458,
-362474226,
1915973773,
-709397112,
-1105947682,
344478485,
-246747494,
-272291284,
2126520229,
-1964764381,
-551031226,
-1141941951,
-977531908,
1927878354,
-321069637,
-254089061,
-1899195674,
-2134551186,
-467849853,
