-2141499326,
-2141031606,
-2141008378,
-2140056222,
-2134551186,
-2133324393,
-2132409040,
-2131955571,
-2129521675,
-2128913321,
-2127480940,
-2126467154,
-2124620105,
-2120341541,
-2119882007,
-2117536249,
-2117329209,
-2116973725,
-2114407474,
-2113732549,
-2113492667,
-2112870226,
-2111783658,
-2110576845,
-2106874922,
-2106829310,
-2105973262,
-2105649091,
-2102503550,
-2102171321,
-2100926657,
-2099272059,
-2098554994,
-2097727111,
-2096363798,
-2096023143,
-2095453115,
-2095046457,
-2094549581,
-2093539800,
-2091986058,
-2091796761,
-2087875506,
-2086934463,
-2086895702,
-2084330345,
-2084067781,
-2083122004,
-2082083961,
-2081830927,
-2081680700,
-2080513084,
-2080324467,
-2079306896,
-2079189888,
-2079085516,
-2077919124,
-2076107910,
-2075817065,
-2074566517,
-2074551687,
-2074489233,
-2073650847,
-2073437440,
-2071477183,
-2070731549,
-2070548840,
-2069275181,
-2066879797,
-2066067962,
-2063145592,
-2061945386,
-2061593605,
-2060981632,
-2060429465,
-2060145531,
-2060039554,
-2058523929,
-2057706741,
-2056938600,
-2050758174,
-2048734027,
-2047726937,
-2047289646,
-2045441154,
-2043875625,
-2043387530,
-2043263372,
-2041698577,
-2041591781,
-2039757462,
-2035776042,
-2034070712,
-2033640687,
-2031210793,
-2029884730,
-2026785850,
-2025403708,
-2024208478,
-2023750312,
-2023364383,
-2021239493,
-2020941012,
-2020687667,
-2020283128,
-2020218530,
-2018230702,
-2017820357,
-2017161942,
-2014267753,
-2013766080,
-2009805549,
-2008780268,
-2007340069,
-2006903479,
-2006765916,
-2006394749,
-2004409517,
-2004261886,
-2002357284,
-2000191445,
-1999432947,
-1999323410,
-1998408774,
-1997198505,
-1997196610,
-1996721916,
-1994641659,
-1993296992,
-1991254201,
-1989751550,
-1989433203,
-1988358119,
-1987148626,
-1986460022,
-1984902324,
-1984056706,
-1983592427,
-1982686498,
-1980703844,
-1979984116,
-1979023566,
-1977271605,
-1972547684,
-1971504751,
-1968761777,
-1967661632,
-1965047477,
-1964793993,
-1964764381,
-1962093922,
-1960359014,
-1959675409,
-1959415571,
-1956849541,
-1956526158,
-1956034361,
-1955562823,
-1955464709,
-1953641864,
-1950928545,
-1948590459,
-1948196568,
-1947886615,
-1947137950,
-1945892531,
-1943916153,
-1943724343,
-1943186448,
-1939253841,
-1936910024,
-1936874865,
-1936052671,
-1935327070,
-1933819226,
-1932073565,
-1930951573,
-1929127822,
-1927710113,
-1924660622,
-1924015973,
-1921287266,
-1919591334,
-1919573525,
-1919571733,
-1916558676,
-1915623708,
-1912274913,
-1912270814,
-1912213430,
-1911900902,
-1908385785,
-1904957103,
-1899195674,
-1898250317,
-1896527166,
-1893604448,
-1893008956,
-1892744194,
-1892516795,
-1890499720,
-1883326309,
-1881951012,
-1880100907,
-1878005037,
-1877886242,
-1874604760,
-1872582076,
-1871643261,
-1870700396,
-1869610226,
-1868651599,
-1867656121,
-1867326575,
-1866736202,
-1866469825,
-1866147767,
-1865760505,
-1865632297,
-1865486703,
-1864443681,
-1861715598,
-1861708330,
-1860625764,
-1859259331,
-1857951857,
-1857194559,
-1856100983,
-1852065864,
-1847323373,
-1843730088,
-1841819758,
-1835322197,
-1834215244,
-1833556245,
-1833102509,
-1831099165,
-1830568396,
-1829919666,
-1829265161,
-1828798361,
-1826985213,
-1826232576,
-1825180763,
-1823406845,
-1820158696,
-1815465597,
-1815444413,
-1815280797,
-1812983882,
-1811155270,
-1810830480,
-1810069304,
-1809119315,
-1807937130,
-1807496728,
-1807282414,
-1807099833,
-1805142851,
-1804535366,
-1803293143,
-1802422909,
-1800279370,
-1800164577,
-1799724916,
-1796409563,
-1796310679,
-1795496201,
-1795240946,
-1792382950,
-1791953692,
-1791927090,
-1791547135,
-1790770515,
-1787614312,
-1787514409,
-1785398548,
-1785327282,
-1780287003,
-1779764781,
-1779555088,
-1776238303,
-1776020960,
-1775979113,
-1773400456,
-1772881648,
-1770011173,
-1768539959,
-1768200306,
-1767605942,
-1767221040,
-1764680872,
-1760877012,
-1760721175,
-1756570832,
-1756050255,
-1752375476,
-1752124934,
-1748776874,
-1741876956,
-1741755680,
-1740368012,
-1733723360,
-1733126964,
-1732679561,
-1732557717,
-1728982233,
-1728440354,
-1728093492,
-1725797755,
-1725649407,
-1725147684,
-1724568979,
-1723864735,
-1721352500,
-1720569861,
-1717949306,
-1715744607,
-1715674283,
-1715260252,
-1713373256,
-1711963566,
-1710789716,
-1706470386,
-1705947179,
-1705267874,
-1702817383,
-1700783080,
-1699358913,
-1699267861,
-1697688331,
-1693216394,
-1692970286,
-1690405438,
-1689742455,
-1689244839,
-1688528337,
-1688368982,
-1687290851,
-1685283273,
-1679956930,
-1679366995,
-1678264559,
-1678105452,
-1676491928,
-1673110158,
-1672736349,
-1671070645,
-1669889644,
-1668784692,
-1668385510,
-1666739001,
-1666689400,
-1666279352,
-1664911883,
-1664259416,
-1664104472,
-1661893294,
-1661032974,
-1660765528,
-1659812393,
-1659417780,
-1659011117,
-1658719464,
-1657958156,
-1654547111,
-1653819236,
-1653215508,
-1653115748,
-1652733477,
-1652517997,
-1652305642,
-1650161500,
-1648406553,
-1646974227,
-1642571355,
-1642011540,
-1638322275,
-1635249124,
-1635056123,
-1634972031,
-1632308548,
-1632205213,
-1631460539,
-1631164102,
-1630425887,
-1630086421,
-1629080367,
-1628836710,
-1625141194,
-1623400028,
-1619839891,
-1619770363,
-1618015201,
-1617855235,
-1617459714,
-1615938523,
-1612111610,
-1611229256,
-1611141838,
-1610952859,
-1610184015,
-1610032186,
-1610023112,
-1608407777,
-1605856032,
-1605795479,
-1603638529,
-1602630546,
-1601902914,
-1601866078,
-1600616992,
-1600491238,
-1600022047,
-1599292559,
-1599277664,
-1597228204,
-1594432795,
-1592341849,
-1589867067,
-1589338058,
-1588967883,
-1588693083,
-1587533513,
-1586714496,
-1584361600,
-1583263871,
-1582767723,
-1582709152,
-1581023359,
-1580046245,
-1579850302,
-1579531150,
-1578193550,
-1578070406,
-1577303250,
-1576623086,
-1570718917,
-1566793484,
-1566284087,
-1564373909,
-1562933042,
-1562102141,
-1561734242,
-1561045221,
-1560047292,
-1559647750,
-1558742869,
-1556531560,
-1556153456,
-1554613320,
-1554294210,
-1554068301,
-1553774509,
-1553601148,
-1552181320,
-1551754681,
-1550751076,
-1550675015,
-1550598720,
-1550269084,
-1549267147,
-1547955719,
-1547526930,
-1546077914,
-1544416049,
-1541213122,
-1540389723,
-1538869364,
-1537592828,
-1536834615,
-1535704569,
-1532798140,
-1531233867,
-1529727283,
-1527500602,
-1527452285,
-1526150943,
-1525032325,
-1524746185,
-1524666587,
-1524595238,
-1522121577,
-1519976196,
-1515012326,
-1514307455,
-1513993801,
-1513336035,
-1513264560,
-1512673268,
-1512505911,
-1511489581,
-1510955804,
-1510076458,
-1510006763,
-1508820822,
-1504785821,
-1504540039,
-1504253595,
-1503317129,
-1503172731,
-1501328026,
-1499025354,
-1498397114,
-1497342316,
-1494826415,
-1490540145,
-1489814275,
-1486212478,
-1485709564,
-1478419000,
-1477869630,
-1477410044,
-1475635400,
-1473888398,
-1473313907,
-1471034046,
-1469011604,
-1468736244,
-1468487049,
-1467127911,
-1465327407,
-1462085778,
-1461867196,
-1461279204,
-1461093216,
-1459328004,
-1459167874,
-1457216526,
-1456629968,
-1453538528,
-1451545363,
-1451521104,
-1450745602,
-1449405213,
-1449048852,
-1448362422,
-1447387101,
-1446760604,
-1446675884,
-1445415155,
-1442729388,
-1441029399,
-1438862518,
-1438535145,
-1436807367,
-1436755036,
-1434816311,
-1433619033,
-1432813438,
-1432143432,
-1428799425,
-1426341923,
-1425458445,
-1420544779,
-1419680580,
-1418862825,
-1417569402,
-1417334963,
-1416448143,
-1413821039,
-1413807142,
-1411831828,
-1406960580,
-1405984596,
-1405871188,
-1404968731,
-1402863178,
-1400513882,
-1400034108,
-1399264776,
-1398955858,
-1398333475,
-1397279899,
-1395839330,
-1395621259,
-1394329089,
-1393896354,
-1393555104,
-1392219044,
-1390676366,
-1387278932,
-1386910135,
-1386710999,
-1385836583,
-1380479360,
-1379928631,
-1379749602,
-1377801886,
-1375991783,
-1373144849,
-1372991797,
-1369212464,
-1368129256,
-1366007629,
-1364524250,
-1364225297,
-1358741666,
-1354822902,
-1354798275,
-1350081448,
-1350079792,
-1347831241,
-1347018714,
-1346660576,
-1339570732,
-1337854579,
-1336504013,
-1335794685,
-1333128796,
-1328045328,
-1326099915,
-1324140155,
-1323012438,
-1322048227,
-1321268967,
-1320796602,
-1318640164,
-1317897537,
-1317782952,
-1317042153,
-1315981641,
-1314715834,
-1314566288,
-1314000636,
-1313419201,
-1312232230,
-1311529814,
-1310815675,
-1310717855,
-1310426982,
-1309897643,
-1308746964,
-1307555597,
-1306584263,
-1306350295,
-1305488089,
-1304418107,
-1303592365,
-1302222790,
-1301666264,
-1301498803,
-1299270670,
-1298816750,
-1298572299,
-1296033097,
-1295060937,
-1293746633,
-1292602426,
-1288071006,
-1286565321,
-1285300657,
-1283601561,
-1276610892,
-1274464028,
-1273531796,
-1271993761,
-1269257455,
-1269217077,
-1268198075,
-1268167621,
-1265366091,
-1263766893,
-1263430010,
-1261130576,
-1260760701,
-1259356256,
-1257641580,
-1257295086,
-1257142856,
-1256896976,
-1256468424,
-1252409658,
-1250671717,
-1250225109,
-1250106211,
-1247447804,
-1244615323,
-1243899987,
-1243118463,
-1242967419,
-1242254387,
-1241429459,
-1240939406,
-1239398030,
-1238603895,
-1236862008,
-1236605209,
-1236572822,
-1235429195,
-1235112211,
-1229545449,
-1229269063,
-1228317775,
-1227114646,
-1225392862,
-1224599232,
-1223000264,
-1220362368,
-1218918398,
-1215481957,
-1215079392,
-1213945323,
-1213522113,
-1213383760,
-1207357052,
-1206945707,
-1205691219,
-1204290197,
-1199632819,
-1198397256,
-1195275436,
-1193271487,
-1190583154,
-1188526502,
-1186637457,
-1186067408,
-1183561408,
-1181759992,
-1180768330,
-1177677291,
-1177180423,
-1176437644,
-1176204696,
-1174472809,
-1174431121,
-1174156392,
-1173347028,
-1171579951,
-1170564599,
-1167838969,
-1165299775,
-1165203680,
-1163576136,
-1163202837,
-1162033660,
-1159733493,
-1159435243,
-1158170971,
-1156200069,
-1155656212,
-1155421139,
-1153128240,
-1151624956,
-1151142560,
-1146040772,
-1145803317,
-1143119837,
-1141941951,
-1137911440,
-1137602755,
-1137262078,
-1136323472,
-1132285592,
-1131217432,
-1130709513,
-1129189129,
-1128877426,
-1127301689,
-1123985425,
-1122419218,
-1119950440,
-1119434849,
-1119357898,
-1118824887,
-1116362716,
-1115773228,
-1115096238,
-1114397166,
-1112880332,
-1111184103,
-1106616513,
-1106013935,
-1105947682,
-1105635616,
-1104349034,
-1104126262,
-1102463555,
-1096579360,
-1095442927,
-1090903067,
-1089886072,
-1084898300,
-1078683733,
-1077185979,
-1076618289,
-1072398328,
-1071955104,
-1070943146,
-1070504971,
-1069025757,
-1068251393,
-1067098918,
-1065445940,
-1064008522,
-1060415364,
-1059529025,
-1059266691,
-1059224185,
-1057872777,
-1057636872,
-1057441346,
-1056700706,
-1055639846,
-1055471075,
-1053742117,
-1053641325,
-1047475286,
-1047474211,
-1047292014,
-1046472427,
-1045494377,
-1042668099,
-1041904879,
-1041594376,
-1038944138,
-1037507601,
-1029522009,
-1029404164,
-1028922708,
-1028706583,
-1028439789,
-1028025408,
-1027958261,
-1027792231,
-1027038420,
-1026299046,
-1024906993,
-1022775079,
-1020893225,
-1015149746,
-1014481726,
-1011803829,
-1011536611,
-1011069049,
-1008985104,
-1008660574,
-1005007698,
-1000741521,
-999331137,
-998229292,
-997832437,
-994630926,
-992667935,
-992259771,
-991634333,
-989130578,
-989119065,
-988987072,
-988836844,
-987510499,
-986914724,
-986891645,
-983794950,
-982112472,
-979247128,
-977531908,
-975899480,
-974274962,
-973708700,
-973234173,
-971786954,
-970960075,
-968128844,
-967856470,
-967832367,
-967227184,
-966431977,
-964100425,
-962055676,
-961431873,
-961010099,
-959653618,
-958221895,
-955390600,
-954454714,
-952603839,
-951957738,
-947836650,
-946961848,
-945291781,
-941565927,
-940891664,
-940451515,
-940220618,
-937925446,
-936819367,
-935673699,
-935239292,
-935223776,
-933886072,
-932446356,
-930981909,
-928979230,
-925675957,
-921712138,
-921693358,
-919915483,
-914513090,
-914351229,
-914222078,
-913876095,
-910056346,
-909124888,
-908647434,
-908160843,
-907896766,
-907237057,
-906479393,
-906420418,
-906016764,
-905087341,
-904295206,
-903539647,
-901602071,
-900904945,
-899821899,
-899373059,
-897461183,
-897287919,
-896457421,
-894368758,
-893198295,
-893076732,
-892170977,
-888562772,
-886046194,
-885393869,
-883693673,
-882390848,
-882192042,
-880535429,
-877526181,
-876316204,
-872673057,
-872557895,
-872417253,
-868409824,
-867410893,
-864407026,
-864050989,
-863640101,
-863426819,
-862961519,
-859934332,
-856746632,
-851160900,
-850883376,
-849156304,
-848896077,
-847343929,
-844807880,
-844158728,
-843637384,
-843023552,
-842147465,
-840365751,
-839411960,
-837579527,
-836126052,
-835897255,
-835657937,
-828073024,
-825592356,
-825271355,
-824253692,
-822517887,
-821102930,
-819204913,
-819148216,
-816565056,
-816223399,
-815085920,
-813770538,
-813342412,
-812563679,
-812317782,
-811510584,
-808054380,
-807608188,
-806356247,
-805624834,
-798682875,
-798039763,
-797882369,
-796185370,
-795501952,
-794584047,
-793676201,
-793152011,
-791612205,
-791051373,
-787651281,
-786728902,
-786395736,
-780127499,
-773997132,
-772974464,
-772707837,
-770418988,
-768046597,
-766804135,
-766253542,
-765557897,
-765299070,
-760728315,
-759208633,
-758885090,
-757512830,
-755229896,
-752832865,
-750976727,
-750568060,
-750567134,
-749150252,
-746587176,
-745841725,
-745456929,
-742052033,
-740745271,
-740502837,
-740475170,
-739662175,
-738090818,
-734700277,
-733913147,
-732783860,
-730667839,
-729657139,
-728345620,
-726640458,
-725553686,
-723596572,
-721610588,
-721355783,
-718031328,
-717511755,
-713858240,
-711513504,
-710928308,
-710576119,
-709397112,
-705377885,
-704494860,
-702709519,
-702448267,
-699892848,
-697920870,
-696432391,
-696048509,
-694824103,
-692631810,
-692210680,
-685110935,
-683711185,
-680322543,
-679820392,
-678248854,
-677994724,
-677415794,
-676619994,
-676358407,
-674941825,
-674386408,
-669767839,
-668625182,
-667389545,
-667335950,
-664998318,
-664957135,
-664771290,
-663600164,
-663284759,
-663009535,
-662285324,
-661357895,
-660685145,
-660654041,
-656090870,
-653081255,
-652823231,
-650809796,
-649095373,
-648029307,
-647948915,
-647922532,
-647269483,
-647241434,
-646986512,
-646503314,
-644633145,
-643794168,
-642835875,
-641585436,
-637829479,
-636166084,
-635934158,
-635173699,
-633531867,
-631484820,
-631476148,
-630490531,
-626106593,
-618438757,
-615785250,
-613707032,
-612798776,
-612234540,
-612102050,
-610970266,
-610796777,
-610088391,
-609983869,
-609611614,
-607581740,
-606837119,
-603765341,
-603678872,
-601833524,
-599985402,
-596902365,
-594415399,
-594290143,
-594226705,
-591773685,
-590681793,
-589713309,
-588152637,
-587988412,
-586261369,
-583094987,
-581699645,
-580933440,
-579884438,
-579202746,
-578422671,
-578316339,
-576788154,
-572546197,
-571192032,
-568277044,
-567958324,
-566756492,
-562306957,
-560853103,
-552665863,
-551031226,
-549509873,
-549072718,
-546741673,
-544451538,
-542936496,
-540905472,
-540819659,
-540077649,
-536901342,
-534877595,
-534227632,
-533061103,
-532096692,
-531800273,
-531126310,
-528980921,
-528638296,
-527222767,
-526950463,
-526557106,
-525405108,
-524236707,
-523857082,
-520078882,
-519220301,
-516239289,
-514619082,
-514522338,
-513645011,
-512633902,
-511803513,
-511000286,
-509292608,
-509053137,
-505147869,
-504525344,
-503489579,
-502795319,
-500404126,
-500294040,
-498719124,
-498293869,
-496538442,
-495945774,
-495023094,
-494721454,
-494631771,
-491694715,
-489854065,
-488773360,
-488711934,
-488001976,
-487192591,
-486721644,
-486616754,
-486328804,
-485581218,
-484144165,
-481371436,
-480100664,
-479852814,
-477680235,
-477539492,
-477480866,
-475226786,
-473792610,
-473498763,
-472755656,
-470462474,
-469461621,
-467849853,
-467243297,
-464852739,
-464277249,
-461864202,
-461152550,
-460577880,
-459035535,
-456865104,
-456513495,
-456312956,
-454071007,
-451566070,
-447060156,
-445485235,
-445357949,
-443061290,
-442613116,
-441481579,
-439992611,
-436464674,
-432894134,
-430657266,
-429020981,
-428902110,
-428643905,
-428005682,
-426984684,
-425348486,
-425309815,
-423920904,
-420184048,
-419745142,
-418622421,
-412629625,
-412429181,
-407939163,
-404991578,
-404981348,
-404798476,
-403389310,
-402949068,
-402290139,
-394747137,
-390902963,
-386560810,
-381275851,
-380719053,
-380144812,
-379438127,
-374440671,
-373520250,
-371790812,
-371592143,
-366678777,
-363659462,
-363080980,
-362793406,
-362474226,
-360299541,
-359315775,
-358184492,
-351795560,
-349533105,
-348132417,
-347044725,
-345993762,
-343963128,
-342372324,
-341595033,
-341290660,
-341131029,
-338279495,
-337034985,
-334323412,
-329507090,
-328476874,
-326421201,
-326274328,
-326193462,
-325987621,
-323624235,
-321786363,
-321069637,
-320865712,
-319920448,
-319171332,
-318647166,
-318487582,
-318471257,
-318182071,
-313072255,
-311587675,
-310218028,
-309149757,
-306210999,
-302935668,
-302592607,
-300909087,
-300577536,
-300457158,
-299858141,
-296413809,
-296083888,
-293883812,
-290838502,
-286214736,
-284369657,
-282196975,
-278966623,
-278718339,
-275669622,
-274923422,
-272291284,
-268323540,
-268318481,
-267751784,
-267597844,
-266282463,
-263920110,
-262285247,
-261524185,
-261027006,
-260932373,
-260658233,
-259924702,
-259193497,
-255455743,
-254089061,
-252861720,
-252417386,
-251964023,
-250836907,
-249699293,
-248773502,
-246747494,
-245896671,
-245080910,
-243114956,
-241701205,
-241695773,
-241600774,
-241436587,
-240847184,
-240812429,
-237825204,
-237540127,
-234511068,
-232710596,
-232133013,
-231711588,
-231408526,
-230664955,
-230648018,
-230338952,
-229608531,
-229191080,
-228310814,
-227774223,
-226925865,
-226439638,
-226161195,
-225266830,
-222631403,
-222159044,
-221826232,
-221758250,
-221649944,
-220037192,
-220022182,
-218846120,
-216616059,
-216163174,
-213799619,
-213521796,
-212768922,
-209674861,
-209460078,
-208756309,
-204581582,
-203648735,
-203142434,
-203033991,
-200302412,
-197535801,
-197029303,
-193370755,
-186510139,
-186446391,
-185794013,
-182826100,
-182175839,
-182017396,
-181014267,
-179914982,
-179707476,
-179114532,
-177093009,
-176670200,
-173183665,
-172882253,
-171442707,
-170932615,
-168806591,
-166188513,
-164777276,
-163186208,
-162167962,
-161412410,
-157999668,
-155935971,
-151504104,
-150763762,
-148870620,
-147024402,
-145294128,
-142359729,
-141576780,
-141257785,
-140530553,
-136906896,
-134896411,
-132597427,
-132524499,
-131020614,
-130932091,
-129698237,
-127233989,
-125744087,
-121856860,
-119981799,
-119691971,
-119288754,
-118302305,
-117097604,
-115940051,
-115704813,
-115440490,
-114364144,
-111401119,
-111099224,
-110723006,
-109210148,
-107395780,
-106730454,
-105151847,
-104654194,
-102406872,
-101836756,
-100466140,
-95958764,
-95708959,
-95455037,
-94334431,
-93306252,
-85164448,
-83438531,
-82147629,
-80183397,
-79787845,
-77762447,
-76624962,
-75842087,
-74329829,
-73908549,
-73756349,
-73412747,
-71558946,
-70201220,
-70066135,
-69684930,
-69683277,
-67584189,
-67381373,
-64761678,
-64263407,
-63655534,
-60445212,
-57911907,
-54297819,
-54234429,
-53766742,
-53384874,
-53127848,
-50741152,
-49747491,
-47226502,
-46817758,
-46771173,
-45404852,
-40070988,
-39057062,
-38191322,
-37951646,
-37397040,
-31741163,
-31065908,
-30898965,
-28795051,
-23611631,
-23174960,
-22937677,
-19842838,
-9203362,
-8179651,
-7810585,
-6187621,
-4747965,
-4215422,
-3850044,
-2285131,
-2254541,
-1582861,
620693,
1663962,
2795263,
4701686,
6173293,
6655832,
8356269,
9850473,
12431656,
13727005,
14458635,
14614123,
14641207,
15181960,
16968512,
19380821,
19986628,
21952623,
23537094,
23785875,
24829724,
25884243,
27846021,
28118741,
29562924,
31395356,
31709670,
35481651,
39599164,
39620124,
40324210,
40936632,
44620307,
46536927,
47353361,
47651280,
48479335,
48760322,
50807909,
51487285,
52812366,
54085265,
54167991,
54657000,
54698329,
56308235,
59533452,
62623002,
63597061,
66632083,
74452517,
77102414,
81320331,
82699593,
83403098,
88480064,
89716435,
91019870,
92079341,
92520436,
92575511,
92860187,
97839425,
99504463,
102814442,
103291992,
103840966,
103890243,
104927767,
105987494,
107142740,
108175418,
109788235,
110778981,
111427385,
112028156,
113932658,
115561704,
115855420,
119854749,
121352086,
125290613,
125989004,
126786981,
129993304,
130674741,
131113449,
131403521,
132138264,
134389237,
134546172,
136358330,
140916604,
141727026,
143744772,
148211344,
150312364,
150792376,
151227439,
151562143,
152795861,
157745490,
158795204,
162127745,
163019428,
168069669,
171168394,
175002505,
178583450,
179001931,
179682380,
180057397,
181087751,
181866590,
182612650,
182714067,
184738651,
185881490,
185984377,
186576081,
186900400,
190664508,
193531793,
196624773,
197724531,
199248175,
199715384,
200552919,
201410138,
202700369,
202840599,
203298370,
204289626,
206113075,
206636304,
206677165,
206727604,
210154524,
213735524,
217049029,
217658686,
218910592,
219063452,
224898286,
226693260,
228160056,
229063736,
230235277,
230247847,
232350609,
234456551,
235127507,
235168086,
235295636,
235780735,
236232185,
240816208,
243112485,
244655123,
245063719,
245087945,
247567566,
250369311,
250488524,
251980947,
252173666,
252204387,
252839377,
253966981,
257976411,
260420975,
264012206,
264119275,
264132340,
265815888,
267490826,
272099582,
272483523,
273014082,
273279659,
273495893,
274622137,
275775414,
276437522,
278560996,
278774896,
280541271,
283073900,
283151026,
283490482,
287182929,
287536984,
287747100,
287994210,
291098660,
291940945,
292106256,
295423059,
295845771,
296085494,
299382217,
301502323,
303777988,
303873966,
304695049,
306738226,
307356482,
312806372,
315194388,
315432640,
315574864,
320024631,
320417806,
321101989,
321482400,
321886817,
322845024,
322887604,
324014374,
325658783,
326014649,
327143644,
329406463,
332340275,
332993100,
333929825,
334330932,
334874470,
335120509,
342386551,
344478485,
344944968,
347165842,
349842914,
351106250,
351929052,
352220962,
354026402,
356571918,
360044786,
362042683,
363519781,
364096113,
366223134,
368207098,
368313922,
368544091,
368864366,
370941148,
371291894,
371661832,
372041574,
373791943,
375302133,
376505929,
378806650,
379307707,
380198496,
380550861,
380898495,
381481869,
382316397,
385072133,
385078497,
387550755,
387731264,
389029355,
391119249,
391148375,
391164963,
391300970,
392591138,
394045706,
395240541,
395977711,
396226925,
396889038,
396916501,
397746153,
399783568,
400369845,
400944324,
403182857,
403601197,
404388164,
405034328,
407022119,
407410628,
407460518,
407959843,
409363627,
415496905,
415931715,
418252716,
418611030,
420736820,
421246642,
422093502,
424641155,
428554252,
433957147,
437156493,
437386191,
437888003,
438282706,
439073375,
440375794,
442253073,
442329564,
442430911,
444485768,
446159008,
447755285,
447759961,
450792348,
454065125,
454311711,
454829206,
455999614,
456856573,
459473532,
460795150,
461038169,
461159356,
461574471,
463791881,
464133792,
468255232,
468539157,
468688978,
468799519,
468897730,
469433567,
469603660,
471124376,
473110014,
473514681,
473544864,
475752597,
478840332,
479697483,
484781180,
486726314,
487408059,
489353182,
492940252,
493112046,
495041700,
495338482,
496244201,
496650895,
497607160,
499626707,
500281674,
501179835,
502837437,
503777111,
505040812,
506356880,
508016354,
510181782,
515323889,
515639439,
516309469,
517043101,
517102076,
520217095,
520461597,
520480791,
521349466,
522546930,
522588054,
523020748,
524891242,
525059562,
526506943,
527896137,
531891326,
533892688,
535373929,
536674165,
537831954,
538932118,
539067133,
539216681,
539478889,
539517123,
542716053,
543561689,
544783466,
544906506,
545416412,
545704167,
547058023,
547960216,
548422509,
549216414,
549688322,
551146046,
552124385,
552678584,
556389152,
556854033,
556899049,
557516781,
557717587,
561637171,
562656329,
566369766,
566515984,
569828396,
570536131,
570777208,
571494281,
574345296,
574818919,
576845231,
577879181,
581152021,
581417017,
584546707,
584729610,
584778065,
589089445,
589972919,
591394836,
593508416,
596115312,
599914547,
605383268,
607492450,
611733355,
615023948,
616198641,
616506934,
618219767,
619077134,
620523617,
621916299,
625892258,
625904717,
627086650,
629004946,
631438212,
632669635,
632710319,
632753782,
633615451,
633663369,
636725884,
636920885,
637503222,
641919675,
645862744,
649944810,
650479379,
651718526,
655593368,
657365265,
660171242,
662644477,
664655145,
666259677,
666842299,
667426967,
668748867,
669373061,
669377908,
673260309,
675467776,
678534747,
678672757,
680732366,
681269434,
681865179,
682539747,
683793765,
684457072,
688655991,
688820428,
689635720,
696108121,
696522591,
697663173,
699422862,
699433999,
701820976,
703937502,
705620453,
706082027,
706993034,
707310983,
707339369,
708697480,
710721175,
711138874,
715758739,
718466156,
718927555,
720660133,
721973337,
722015758,
724968896,
727348392,
727542779,
727554059,
733752486,
733850779,
733967777,
734739744,
735395237,
741534354,
742228224,
742716181,
743720073,
744818433,
746214268,
746680942,
751072673,
755400682,
757607895,
759534738,
760836103,
761101837,
761559758,
762302056,
765062298,
766541311,
766758804,
767497099,
771806957,
771950609,
773770041,
774568885,
776225833,
777470568,
778009769,
779178333,
781320678,
782365320,
787330988,
788972885,
791565216,
792266121,
792720487,
792887095,
793397070,
793769861,
797631873,
797887349,
799974855,
801380520,
802018891,
803472639,
804035785,
806689096,
809544362,
811776502,
813371032,
815508913,
817041512,
817977594,
820082408,
820093721,
821578907,
822730765,
824099257,
824814655,
827053920,
830698834,
831162626,
831776504,
832380538,
832633768,
833017226,
833221174,
836942243,
837472383,
838353670,
840700390,
846526086,
847515858,
847885883,
849023074,
850055874,
853891050,
858493995,
858766049,
861084569,
861513361,
861805766,
861831074,
863840080,
865022821,
865692344,
866472006,
870939293,
871531485,
872261360,
872370959,
872810978,
873495381,
874565170,
875194142,
876424843,
876792401,
881080174,
881287183,
881335572,
883056593,
883216734,
883828643,
885280563,
885517580,
892576818,
893917299,
897265064,
901156949,
902653001,
906578179,
907637861,
907732504,
907868386,
908070368,
908509511,
908984015,
910564105,
911418276,
911683347,
911745244,
912800855,
913900049,
914489643,
915279985,
918507366,
925111750,
925303828,
926909571,
927327624,
929723251,
931339597,
932792455,
932902053,
934387863,
935044771,
935114495,
938762275,
941612839,
942187218,
942347621,
942750026,
943597960,
943688190,
944109705,
944522840,
944960488,
945174616,
947501843,
951905624,
956372147,
956951621,
957045519,
959266583,
961143674,
963255149,
963585972,
964883126,
965156847,
967736438,
968415105,
969782152,
969782434,
970174412,
973084539,
976376576,
978619657,
980073350,
980541638,
983268124,
983486852,
983943962,
984160200,
985266506,
988055667,
990459264,
990912366,
991649267,
991865003,
993418747,
993446726,
993639367,
995944652,
1001904152,
1002161698,
1002726343,
1015036921,
1015582191,
1017679650,
1018058628,
1018462365,
1019419455,
1020106417,
1020363077,
1026375235,
1031152198,
1034474798,
1034984391,
1038380790,
1039694398,
1040869579,
1040910878,
1041956243,
1044331741,
1044782835,
1045865447,
1048351385,
1049284503,
1049503711,
1049554477,
1049629726,
1051934793,
1053308976,
1053973688,
1055144391,
1058359059,
1064053117,
1064836623,
1067044439,
1067964975,
1068667099,
1071670808,
1071914955,
1078211593,
1078392244,
1078578250,
1080051444,
1082770223,
1083217146,
1083919376,
1083928957,
1085431454,
1088262032,
1093685797,
1093830977,
1095218437,
1095810818,
1097924098,
1098619743,
1100673346,
1102556517,
1103685667,
1104047192,
1104724510,
1105234434,
1105294766,
1105423845,
1105775772,
1106009968,
1106423198,
1107145605,
1109059275,
1109337809,
1110374081,
1111570427,
1111668723,
1111771170,
1112364689,
1117643027,
1124616972,
1124979939,
1125194857,
1126213675,
1127208286,
1129100505,
1130995547,
1131759563,
1131955750,
1133026692,
1134784325,
1135136113,
1136645576,
1143378846,
1144179693,
1146831067,
1147833405,
1150017295,
1151224445,
1155030215,
1156791652,
1157450151,
1158938638,
1158995595,
1160000367,
1160589826,
1165667178,
1167455493,
1170568067,
1173679790,
1174794253,
1174916914,
1174942789,
1175656697,
1176567842,
1178203946,
1178534493,
1181032662,
1181800290,
1183423146,
1184254723,
1184966313,
1185765641,
1185854504,
1186905740,
1188712202,
1189031668,
1190110122,
1192705222,
1193072061,
1193477518,
1193615660,
1194677064,
1194716199,
1201432915,
1202505296,
1203964291,
1205331366,
1208734911,
1210849303,
1213927348,
1214806818,
1214916445,
1215071505,
1219046287,
1219395320,
1219550229,
1220549710,
1224131662,
1226121526,
1226349901,
1228136264,
1229723789,
1230450017,
1232490005,
1234673924,
1241153900,
1244629746,
1245961243,
1246509601,
1248356006,
1248703178,
1252221857,
1254020717,
1255997266,
1258871448,
1260990155,
1261202267,
1262912314,
1262938101,
1264009037,
1264423458,
1265639896,
1269750502,
1273223433,
1274089618,
1276382365,
1277081086,
1279879857,
1280047340,
1280286257,
1281904871,
1284164962,
1285062073,
1285733085,
1285829220,
1286668743,
1287023573,
1287095549,
1287512622,
1288428200,
1289101248,
1291167855,
1291778866,
1292073026,
1294624475,
1297984307,
1299511478,
1301171714,
1302020801,
1302625144,
1304982160,
1306420094,
1306991816,
1309670493,
1310009020,
1311848333,
1311908701,
1314636014,
1319009281,
1321406972,
1323291549,
1325497764,
1326115133,
1326536492,
1328410723,
1329818178,
1329972408,
1330099610,
1330790146,
1334491344,
1337229333,
1337264564,
1342816838,
1344881453,
1347242696,
1348507303,
1352016509,
1353423549,
1353526869,
1355045599,
1356411559,
1358161711,
1358558840,
1359551348,
1360961664,
1362311559,
1363595158,
1365135758,
1366976125,
1367292091,
1371744300,
1374790517,
1375447585,
1375654945,
1376917954,
1377906525,
1385584629,
1388064961,
1388536381,
1388547971,
1388879290,
1389212271,
1389283701,
1394969995,
1395445870,
1397855361,
1400304405,
1400810742,
1404790621,
1404848841,
1406080043,
1407074565,
1409358332,
1410225532,
1410970265,
1411742914,
1413437199,
1414640528,
1415291862,
1415617582,
1415830417,
1417768867,
1417983620,
1418534195,
1418781337,
1419163683,
1419941515,
1421735185,
1423290286,
1424138420,
1425799822,
1426615255,
1426712914,
1428548921,
1430046289,
1430354588,
1432307651,
1432569174,
1433635826,
1436047098,
1436595559,
1437659212,
1438908725,
1439273273,
1441938460,
1444189194,
1447404871,
1448397912,
1448740392,
1451632931,
1453012787,
1456332170,
1458318456,
1458854652,
1459788658,
1462895011,
1464501057,
1469367534,
1469679960,
1474591744,
1475692717,
1475902850,
1476383210,
1477310825,
1477615758,
1478540180,
1481208230,
1481515959,
1483214321,
1485375026,
1485695830,
1486896364,
1487139248,
1487494060,
1489245234,
1491591891,
1492020266,
1495359822,
1495361570,
1495967134,
1496004943,
1497486008,
1498528427,
1499947151,
1503564299,
1503597892,
1508447019,
1510405047,
1513995258,
1516342346,
1520974963,
1522226321,
1523038688,
1525184789,
1529597192,
1531479528,
1532639063,
1533889260,
1535877126,
1536732573,
1538468084,
1539011211,
1539297983,
1540106601,
1540517052,
1540746195,
1541028930,
1542470117,
1543969611,
1546576191,
1546904664,
1547222855,
1547625638,
1549724111,
1550932942,
1551870980,
1552483542,
1552524796,
1552558184,
1555545041,
1557990811,
1558027325,
1558170287,
1558865826,
1562070863,
1565530049,
1566350579,
1568751303,
1569191147,
1569991867,
1570186892,
1570323827,
1570323860,
1572442546,
1574084153,
1575390387,
1576025948,
1579328248,
1579519049,
1580206914,
1582675722,
1585562257,
1587502342,
1587788647,
1589161014,
1589871275,
1592694315,
1596804431,
1596960754,
1600963783,
1601529483,
1602028902,
1602084055,
1603496927,
1605792532,
1605894979,
1606635739,
1607172278,
1610576608,
1614772678,
1617659573,
1619048614,
1619071716,
1619296935,
1620810611,
1621638455,
1623038760,
1624034716,
1624123332,
1624760807,
1626936814,
1627953027,
1629990786,
1630881455,
1634054063,
1634824095,
1635155085,
1636502232,
1636941757,
1639082995,
1639719980,
1641790773,
1642185545,
1643256672,
1646886128,
1649137777,
1650056817,
1651268367,
1651782171,
1655029514,
1655156557,
1655515559,
1656653968,
1658467166,
1660571279,
1662309634,
1663501102,
1664032811,
1665233787,
1666935004,
1667566630,
1667673225,
1671190296,
1671229343,
1671479808,
1673724478,
1674106859,
1676064565,
1676076107,
1679316835,
1680455701,
1683016023,
1685178668,
1687274923,
1687463576,
1692247906,
1693407540,
1696136060,
1697610314,
1698260072,
1699911294,
1701429222,
1701728628,
1703009786,
1703299259,
1705352656,
1705500331,
1708985079,
1711205957,
1711502064,
1713709964,
1715543497,
1718906821,
1719194064,
1721555812,
1722182137,
1724503336,
1725080210,
1726946414,
1727543970,
1728263789,
1728356718,
1730217699,
1731964208,
1733320874,
1734903715,
1737044598,
1738298659,
1739027671,
1740705756,
1741885412,
1742315488,
1743511062,
1747433047,
1749069088,
1751178513,
1752465617,
1754706737,
1755818260,
1758515871,
1760899879,
1761123052,
1764011747,
1767089789,
1770453936,
1770841940,
1772509670,
1772718318,
1772755279,
1773831305,
1776356205,
1776380373,
1778278008,
1778518866,
1779173459,
1779410047,
1780010192,
1780287746,
1782890854,
1783340188,
1784210624,
1784824804,
1785251623,
1786943629,
1790264920,
1790858794,
1792200684,
1793698036,
1794761057,
1796052826,
1801640778,
1804264488,
1804276982,
1804614438,
1804983714,
1806633645,
1810337399,
1815992426,
1818886816,
1820402474,
1820656105,
1820771261,
1820869068,
1821107636,
1824512955,
1824677667,
1825380226,
1830051900,
1832342120,
1837170234,
1837699336,
1837712599,
1838417717,
1839765407,
1840528183,
1841003650,
1843060669,
1843477874,
1843792719,
1846101829,
1846475442,
1846903052,
1847375573,
1847437519,
1847471678,
1847608239,
1849800821,
1849810907,
1853125382,
1854579978,
1857547043,
1859470751,
1861590913,
1865606224,
1865840992,
1866620435,
1867650831,
1869859647,
1870103848,
1870658830,
1873950125,
1876052904,
1877709305,
1879442209,
1880778455,
1883628500,
1884014298,
1886172021,
1888504559,
1889014611,
1890972300,
1891099041,
1892644538,
1894650181,
1895864409,
1896148089,
1898965581,
1901152152,
1903490360,
1908229822,
1908515360,
1910035218,
1910338043,
1914673794,
1915973773,
1916009526,
1916806135,
1917489741,
1917847625,
1919759856,
1921404418,
1921929458,
1922270832,
1922339246,
1923202938,
1923790630,
1924564282,
1926245178,
1926569403,
1927878354,
1928238861,
1928513692,
1931121531,
1933779678,
1936880190,
1937973909,
1939344084,
1940271534,
1940588737,
1941755320,
1943849881,
1946361498,
1946884640,
1949345469,
1950106985,
1952007112,
1953063758,
1955123360,
1955686546,
1956567468,
1956972948,
1958074938,
1959782287,
1960696086,
1960813067,
1961571881,
1964435867,
1964977451,
1965247203,
1965436971,
1966877063,
1967897079,
1970762525,
1971028305,
1972529102,
1973006819,
1973031880,
1973360783,
1973675841,
1974782152,
1975289262,
1975477652,
1982918518,
1982924150,
1984697527,
1987550039,
1991019667,
1994398242,
1995454385,
1996581202,
1997215951,
1997964278,
2001718515,
2004097220,
2006061431,
2006154297,
2008841882,
2009907575,
2011059026,
2011254693,
2013210959,
2016969729,
2019124491,
2021270927,
2021392183,
2022373122,
2024624142,
2025674890,
2025820759,
2026660894,
2030553526,
2036054511,
2038118419,
2040107700,
2041452582,
2042085955,
2043675807,
2044755683,
2045225415,
2045529727,
2046432467,
2048397432,
2050663417,
2051825721,
2053637023,
2058704509,
2059028776,
2060273091,
2060393538,
2064805726,
2065204537,
2066040808,
2068680975,
2071310587,
2071917653,
2072614430,
2073428380,
2073777003,
2074240265,
2075146575,
2079186980,
2079501790,
2080106619,
2080811728,
2080882098,
2081304473,
2081976980,
2082810914,
2082894446,
2084141845,
2084578978,
2085594919,
2086202488,
2088364435,
2088739462,
2092261567,
2092738508,
2093018682,
2093474653,
2093902359,
2093999946,
2097874684,
2098294063,
2098791693,
2101360255,
2102005032,
2102355071,
2103485585,
2107095314,
2108210395,
2111900143,
2114257055,
2116669792,
2119331343,
2120492145,
2126520229,
2126650103,
2127567534,
2129268927,
2129759478,
2130102559,
2133663150,
2136085010,
2136249486,
2140898089,
2141374893,
2142617338,
2144466938,
2145664952,
2146323134,
2146768086,
