-2127480940,
-2114407474,
-2113492667,
-2112870226,
-2111783658,
-2105973262,
-2102503550,
-2102171321,
-2100926657,
-2096023143,
-2095453115,
-2094549581,
-2093539800,
-2087875506,
-2083122004,
-2080513084,
-2079306896,
-2079189888,
-2077919124,
-2074551687,
-2074489233,
-2070731549,
-2070548840,
-2061945386,
-2061593605,
-2060981632,
-2060145531,
-2056938600,
-2048734027,
-2045441154,
-2039757462,
-2033640687,
-2031210793,
-2023364383,
-2017820357,
-2017161942,
-2013766080,
-2004261886,
-1999432947,
-1998408774,
-1996721916,
-1993296992,
-1989433203,
-1988358119,
-1986460022,
-1984902324,
-1984056706,
-1983592427,
-1977271605,
-1972547684,
-1965047477,
-1964793993,
-1962093922,
-1959675409,
-1959415571,
-1953641864,
-1950928545,
-1948590459,
-1948196568,
-1935327070,
-1929127822,
-1919591334,
-1919573525,
-1912274913,
-1908385785,
-1898250317,
-1893604448,
-1893008956,
-1881951012,
-1880100907,
-1878005037,
-1877886242,
-1871643261,
-1869610226,
-1866736202,
-1866147767,
-1865760505,
-1865632297,
-1865486703,
-1843730088,
-1835322197,
-1833102509,
-1829919666,
-1826985213,
-1826232576,
-1810830480,
-1807937130,
-1807282414,
-1803293143,
-1800279370,
-1795240946,
-1792382950,
-1791927090,
-1787614312,
-1787514409,
-1780287003,
-1779764781,
-1773400456,
-1772881648,
-1767605942,
-1760721175,
-1756570832,
-1752375476,
-1748776874,
-1740368012,
-1733723360,
-1721352500,
-1715674283,
-1715260252,
-1706470386,
-1705267874,
-1699358913,
-1689742455,
-1689244839,
-1688528337,
-1688368982,
-1679956930,
-1678105452,
-1676491928,
-1664911883,
-1661893294,
-1660765528,
-1659812393,
-1659417780,
-1658719464,
-1653819236,
-1653215508,
-1652517997,
-1652305642,
-1646974227,
-1635056123,
-1630086421,
-1623400028,
-1619839891,
-1619770363,
-1617459714,
-1610032186,
-1600616992,
-1597228204,
-1589338058,
-1588967883,
-1588693083,
-1586714496,
-1578070406,
-1570718917,
-1566284087,
-1554294210,
-1553774509,
-1551754681,
-1550751076,
-1546077914,
-1541213122,
-1540389723,
-1537592828,
-1532798140,
-1531233867,
-1527500602,
-1515012326,
-1513993801,
-1512673268,
-1511489581,
-1510076458,
-1508820822,
-1504253595,
-1503172731,
-1501328026,
-1490540145,
-1477869630,
-1477410044,
-1473313907,
-1467127911,
-1461867196,
-1459328004,
-1449048852,
-1448362422,
-1447387101,
-1442729388,
-1441029399,
-1428799425,
-1425458445,
-1417569402,
-1417334963,
-1405984596,
-1402863178,
-1398955858,
-1394329089,
-1387278932,
-1386910135,
-1379749602,
-1372991797,
-1368129256,
-1366007629,
-1364524250,
-1364225297,
-1358741666,
-1350081448,
-1347018714,
-1337854579,
-1333128796,
-1324140155,
-1322048227,
-1321268967,
-1318640164,
-1315981641,
-1311529814,
-1306350295,
-1305488089,
-1302222790,
-1301498803,
-1286565321,
-1285300657,
-1276610892,
-1271993761,
-1269217077,
-1268167621,
-1263430010,
-1261130576,
-1260760701,
-1257641580,
-1256468424,
-1250671717,
-1250225109,
-1247447804,
-1244615323,
-1236605209,
-1235429195,
-1228317775,
-1215079392,
-1213945323,
-1207357052,
-1190583154,
-1186637457,
-1183561408,
-1180768330,
-1177677291,
-1177180423,
-1176204696,
-1165203680,
-1163576136,
-1163202837,
-1159733493,
-1153128240,
-1151142560,
-1137911440,
-1137262078,
-1136323472,
-1129189129,
-1123985425,
-1119434849,
-1119357898,
-1118824887,
-1115773228,
-1114397166,
-1112880332,
-1106616513,
-1106013935,
-1105635616,
-1104126262,
-1102463555,
-1089886072,
-1076618289,
-1072398328,
-1069025757,
-1068251393,
-1065445940,
-1064008522,
-1060415364,
-1059266691,
-1057636872,
-1055639846,
-1053742117,
-1045494377,
-1042668099,
-1029404164,
-1028922708,
-1028439789,
-1027792231,
-1027038420,
-1022775079,
-1020893225,
-1014481726,
-1000741521,
-997832437,
-994630926,
-992259771,
-986914724,
-983794950,
-971786954,
-967832367,
-964100425,
-961431873,
-958221895,
-955390600,
-954454714,
-952603839,
-946961848,
-945291781,
-940220618,
-937925446,
-936819367,
-932446356,
-925675957,
-921712138,
-919915483,
-914513090,
-913876095,
-908647434,
-907896766,
-906479393,
-906420418,
-906016764,
-901602071,
-899821899,
-897461183,
-893198295,
-892170977,
-880535429,
-877526181,
-876316204,
-872557895,
-872417253,
-867410893,
-863426819,
-859934332,
-856746632,
-849156304,
-847343929,
-844807880,
-843637384,
-842147465,
-837579527,
-824253692,
-819148216,
-815085920,
-813770538,
-813342412,
-812317782,
-811510584,
-808054380,
-798039763,
-795501952,
-793676201,
-793152011,
-786728902,
-772974464,
-759208633,
-757512830,
-755229896,
-752832865,
-746587176,
-745841725,
-745456929,
-742052033,
-740475170,
-739662175,
-721355783,
-717511755,
-711513504,
-710928308,
-696048509,
-694824103,
-692210680,
-679820392,
-678248854,
-677994724,
-677415794,
-676358407,
-669767839,
-664998318,
-663284759,
-650809796,
-649095373,
-647269483,
-646986512,
-644633145,
-643794168,
-642835875,
-631476148,
-626106593,
-615785250,
-612798776,
-612102050,
-610970266,
-610088391,
-607581740,
-601833524,
-591773685,
-590681793,
-589713309,
-588152637,
-583094987,
-579202746,
-578422671,
-576788154,
-567958324,
-560853103,
-552665863,
-542936496,
-540905472,
-534877595,
-527222767,
-514619082,
-513645011,
-511803513,
-504525344,
-500404126,
-496538442,
-494721454,
-494631771,
-491694715,
-488001976,
-486616754,
-486328804,
-477680235,
-475226786,
-472755656,
-469461621,
-467243297,
-464852739,
-456312956,
-445485235,
-442613116,
-430657266,
-428643905,
-423920904,
-419745142,
-404991578,
-404798476,
-402949068,
-390902963,
-381275851,
-380719053,
-380144812,
-363659462,
-363080980,
-360299541,
-359315775,
-351795560,
-349533105,
-345993762,
-341290660,
-337034985,
-334323412,
-328476874,
-326193462,
-318487582,
-318471257,
-302935668,
-300909087,
-300577536,
-300457158,
-299858141,
-290838502,
-282196975,
-278966623,
-278718339,
-268318481,
-267751784,
-266282463,
-260932373,
-259924702,
-252417386,
-249699293,
-248773502,
-243114956,
-237825204,
-232133013,
-231408526,
-230648018,
-229608531,
-222631403,
-222159044,
-221826232,
-221758250,
-221649944,
-220022182,
-213799619,
-213521796,
-212768922,
-208756309,
-204581582,
-203142434,
-197029303,
-186446391,
-185794013,
-181014267,
-179707476,
-173183665,
-172882253,
-168806591,
-161412410,
-155935971,
-151504104,
-147024402,
-142359729,
-141576780,
-140530553,
-136906896,
-132524499,
-130932091,
-119288754,
-117097604,
-115940051,
-115440490,
-111401119,
-109210148,
-104654194,
-95708959,
-94334431,
-85164448,
-82147629,
-80183397,
-77762447,
-76624962,
-71558946,
-69684930,
-64761678,
-63655534,
-54234429,
-53384874,
-46817758,
-45404852,
-37951646,
-37397040,
-31065908,
-23611631,
-23174960,
-9203362,
-8179651,
-4747965,
-2285131,
1663962,
4701686,
6655832,
12431656,
13727005,
14614123,
21952623,
23537094,
23785875,
25884243,
28118741,
29562924,
31709670,
39599164,
40936632,
48760322,
50807909,
54167991,
62623002,
63597061,
77102414,
83403098,
92575511,
92860187,
103291992,
103890243,
104927767,
109788235,
110778981,
111427385,
115561704,
115855420,
125989004,
131113449,
134389237,
152795861,
163019428,
171168394,
178583450,
181087751,
182714067,
184738651,
185984377,
202840599,
203298370,
204289626,
210154524,
217049029,
217658686,
232350609,
240816208,
245063719,
245087945,
251980947,
252204387,
252839377,
257976411,
267490826,
272483523,
283490482,
287182929,
291940945,
295423059,
304695049,
306738226,
315432640,
315574864,
320417806,
321101989,
321482400,
321886817,
327143644,
329406463,
332340275,
334330932,
342386551,
356571918,
360044786,
363519781,
375302133,
380198496,
380898495,
382316397,
385078497,
391148375,
391300970,
395240541,
396916501,
400369845,
403182857,
404388164,
407460518,
415496905,
415931715,
418611030,
421246642,
438282706,
440375794,
442329564,
454311711,
456856573,
461159356,
461574471,
463791881,
468688978,
468897730,
469433567,
478840332,
489353182,
493112046,
495338482,
499626707,
502837437,
505040812,
517043101,
521349466,
522588054,
523020748,
525059562,
526506943,
533892688,
536674165,
538932118,
539216681,
543561689,
545704167,
547960216,
548422509,
551146046,
556389152,
557717587,
561637171,
562656329,
566369766,
569828396,
570536131,
577879181,
584778065,
589972919,
599914547,
605383268,
611733355,
631438212,
633663369,
636920885,
649944810,
650479379,
660171242,
664655145,
678672757,
680732366,
681269434,
681865179,
684457072,
689635720,
696108121,
708697480,
715758739,
718466156,
724968896,
733752486,
746680942,
760836103,
761101837,
761559758,
765062298,
766758804,
773770041,
774568885,
776225833,
778009769,
779178333,
797887349,
801380520,
802018891,
813371032,
815508913,
817977594,
830698834,
831162626,
831776504,
832380538,
833017226,
836942243,
838353670,
840700390,
847885883,
858766049,
861513361,
870939293,
872261360,
876424843,
876792401,
881080174,
881335572,
883216734,
883828643,
885517580,
892576818,
897265064,
902653001,
907637861,
907732504,
907868386,
908070368,
911683347,
911745244,
913900049,
915279985,
927327624,
929723251,
935044771,
941612839,
942347621,
944522840,
945174616,
957045519,
959266583,
963255149,
964883126,
980541638,
984160200,
991649267,
991865003,
993418747,
995944652,
1018462365,
1020106417,
1020363077,
1040869579,
1041956243,
1044331741,
1045865447,
1049503711,
1049629726,
1051934793,
1053973688,
1064836623,
1067044439,
1068667099,
1071670808,
1078578250,
1098619743,
1105423845,
1111668723,
1112364689,
1124979939,
1126213675,
1127208286,
1131759563,
1131955750,
1133026692,
1147833405,
1156791652,
1160589826,
1165667178,
1174942789,
1178534493,
1181800290,
1184254723,
1185765641,
1188712202,
1189031668,
1192705222,
1193615660,
1203964291,
1208734911,
1210849303,
1215071505,
1219550229,
1226121526,
1241153900,
1248703178,
1255997266,
1258871448,
1264009037,
1264423458,
1274089618,
1276382365,
1279879857,
1281904871,
1284164962,
1285733085,
1285829220,
1287023573,
1288428200,
1289101248,
1294624475,
1302625144,
1306991816,
1311848333,
1314636014,
1319009281,
1321406972,
1326536492,
1329972408,
1330099610,
1337264564,
1342816838,
1344881453,
1358161711,
1363595158,
1366976125,
1367292091,
1377906525,
1388064961,
1388879290,
1394969995,
1400304405,
1407074565,
1409358332,
1413437199,
1417983620,
1419941515,
1424138420,
1426615255,
1428548921,
1432307651,
1436047098,
1436595559,
1437659212,
1438908725,
1439273273,
1451632931,
1469367534,
1469679960,
1475692717,
1475902850,
1477310825,
1483214321,
1486896364,
1487494060,
1492020266,
1495359822,
1508447019,
1516342346,
1523038688,
1538468084,
1547222855,
1547625638,
1555545041,
1557990811,
1558027325,
1558865826,
1568751303,
1569191147,
1569991867,
1572442546,
1576025948,
1579328248,
1596804431,
1596960754,
1600963783,
1601529483,
1603496927,
1605894979,
1617659573,
1619296935,
1623038760,
1624034716,
1626936814,
1634054063,
1636502232,
1639082995,
1649137777,
1655515559,
1658467166,
1664032811,
1667566630,
1671190296,
1671229343,
1671479808,
1698260072,
1705352656,
1705500331,
1708985079,
1713709964,
1719194064,
1722182137,
1726946414,
1727543970,
1728263789,
1728356718,
1739027671,
1743511062,
1752465617,
1778278008,
1780287746,
1784210624,
1784824804,
1793698036,
1804614438,
1804983714,
1810337399,
1815992426,
1820656105,
1820771261,
1821107636,
1824677667,
1825380226,
1837170234,
1837712599,
1840528183,
1843792719,
1847437519,
1847608239,
1849810907,
1854579978,
1865840992,
1867650831,
1876052904,
1879442209,
1888504559,
1890972300,
1891099041,
1896148089,
1903490360,
1908229822,
1908515360,
1910035218,
1914673794,
1916806135,
1917489741,
1917847625,
1919759856,
1924564282,
1926245178,
1926569403,
1943849881,
1955686546,
1956972948,
1960696086,
1965436971,
1967897079,
1971028305,
1972529102,
1973006819,
1973031880,
1973675841,
1974782152,
1975289262,
1982918518,
1987550039,
1997964278,
2011059026,
2016969729,
2021270927,
2048397432,
2050663417,
2051825721,
2064805726,
2068680975,
2072614430,
2079186980,
2080811728,
2080882098,
2082810914,
2086202488,
2092738508,
2098791693,
2101360255,
2108210395,
2116669792,
2119331343,
2126650103,
2127567534,
2140898089,
2142617338,
2146323134,
