-2133324393,
-2131955571,
-2129521675,
-2127480940,
-2126467154,
-2117536249,
-2117329209,
-2116973725,
-2114407474,
-2113732549,
-2113492667,
-2112870226,
-2111783658,
-2105973262,
-2105649091,
-2102503550,
-2102171321,
-2100926657,
-2098554994,
-2097727111,
-2096023143,
-2095453115,
-2095046457,
-2094549581,
-2093539800,
-2091986058,
-2087875506,
-2086934463,
-2084067781,
-2083122004,
-2081680700,
-2080513084,
-2079306896,
-2079189888,
-2079085516,
-2077919124,
-2075817065,
-2074551687,
-2074489233,
-2071477183,
-2070731549,
-2070548840,
-2063145592,
-2061945386,
-2061593605,
-2060981632,
-2060429465,
-2060145531,
-2058523929,
-2056938600,
-2050758174,
-2048734027,
-2047289646,
-2045441154,
-2043875625,
-2043387530,
-2041591781,
-2039757462,
-2034070712,
-2033640687,
-2031210793,
-2029884730,
-2026785850,
-2024208478,
-2023364383,
-2020941012,
-2020283128,
-2018230702,
-2017820357,
-2017161942,
-2013766080,
-2006765916,
-2006394749,
-2004409517,
-2004261886,
-2000191445,
-1999432947,
-1998408774,
-1997198505,
-1996721916,
-1993296992,
-1989433203,
-1988358119,
-1986460022,
-1984902324,
-1984056706,
-1983592427,
-1982686498,
-1980703844,
-1977271605,
-1972547684,
-1965047477,
-1964793993,
-1962093922,
-1960359014,
-1959675409,
-1959415571,
-1956034361,
-1953641864,
-1950928545,
-1948590459,
-1948196568,
-1947137950,
-1936910024,
-1935327070,
-1933819226,
-1929127822,
-1927710113,
-1919591334,
-1919573525,
-1919571733,
-1916558676,
-1912274913,
-1912270814,
-1908385785,
-1904957103,
-1898250317,
-1893604448,
-1893008956,
-1890499720,
-1881951012,
-1880100907,
-1878005037,
-1877886242,
-1872582076,
-1871643261,
-1869610226,
-1868651599,
-1867656121,
-1867326575,
-1866736202,
-1866469825,
-1866147767,
-1865760505,
-1865632297,
-1865486703,
-1861715598,
-1861708330,
-1859259331,
-1856100983,
-1852065864,
-1843730088,
-1841819758,
-1835322197,
-1834215244,
-1833556245,
-1833102509,
-1831099165,
-1829919666,
-1826985213,
-1826232576,
-1812983882,
-1811155270,
-1810830480,
-1810069304,
-1807937130,
-1807282414,
-1807099833,
-1805142851,
-1804535366,
-1803293143,
-1800279370,
-1800164577,
-1799724916,
-1796310679,
-1795496201,
-1795240946,
-1792382950,
-1791953692,
-1791927090,
-1787614312,
-1787514409,
-1785398548,
-1780287003,
-1779764781,
-1779555088,
-1776020960,
-1775979113,
-1773400456,
-1772881648,
-1768200306,
-1767605942,
-1764680872,
-1760877012,
-1760721175,
-1756570832,
-1752375476,
-1752124934,
-1748776874,
-1740368012,
-1733723360,
-1733126964,
-1728440354,
-1725649407,
-1721352500,
-1715674283,
-1715260252,
-1706470386,
-1705947179,
-1705267874,
-1699358913,
-1699267861,
-1697688331,
-1689742455,
-1689244839,
-1688528337,
-1688368982,
-1679956930,
-1678105452,
-1676491928,
-1669889644,
-1668784692,
-1668385510,
-1666689400,
-1664911883,
-1661893294,
-1660765528,
-1659812393,
-1659417780,
-1658719464,
-1654547111,
-1653819236,
-1653215508,
-1652517997,
-1652305642,
-1648406553,
-1646974227,
-1642571355,
-1635249124,
-1635056123,
-1634972031,
-1631460539,
-1631164102,
-1630425887,
-1630086421,
-1625141194,
-1623400028,
-1619839891,
-1619770363,
-1617459714,
-1611141838,
-1610952859,
-1610032186,
-1610023112,
-1608407777,
-1601902914,
-1600616992,
-1597228204,
-1589867067,
-1589338058,
-1588967883,
-1588693083,
-1587533513,
-1586714496,
-1582709152,
-1581023359,
-1580046245,
-1579850302,
-1578070406,
-1577303250,
-1570718917,
-1566793484,
-1566284087,
-1562102141,
-1561734242,
-1561045221,
-1559647750,
-1556153456,
-1554613320,
-1554294210,
-1553774509,
-1551754681,
-1550751076,
-1550675015,
-1549267147,
-1547526930,
-1546077914,
-1544416049,
-1541213122,
-1540389723,
-1537592828,
-1532798140,
-1531233867,
-1529727283,
-1527500602,
-1527452285,
-1525032325,
-1524746185,
-1524666587,
-1519976196,
-1515012326,
-1514307455,
-1513993801,
-1513264560,
-1512673268,
-1512505911,
-1511489581,
-1510076458,
-1510006763,
-1508820822,
-1504253595,
-1503172731,
-1501328026,
-1499025354,
-1494826415,
-1490540145,
-1478419000,
-1477869630,
-1477410044,
-1475635400,
-1473888398,
-1473313907,
-1469011604,
-1468736244,
-1467127911,
-1465327407,
-1461867196,
-1461279204,
-1461093216,
-1459328004,
-1453538528,
-1451545363,
-1451521104,
-1450745602,
-1449048852,
-1448362422,
-1447387101,
-1442729388,
-1441029399,
-1436807367,
-1436755036,
-1433619033,
-1432813438,
-1432143432,
-1428799425,
-1425458445,
-1419680580,
-1417569402,
-1417334963,
-1413821039,
-1406960580,
-1405984596,
-1404968731,
-1402863178,
-1400034108,
-1399264776,
-1398955858,
-1398333475,
-1395839330,
-1394329089,
-1393896354,
-1392219044,
-1390676366,
-1387278932,
-1386910135,
-1386710999,
-1385836583,
-1379928631,
-1379749602,
-1372991797,
-1368129256,
-1366007629,
-1364524250,
-1364225297,
-1358741666,
-1350081448,
-1350079792,
-1347831241,
-1347018714,
-1337854579,
-1333128796,
-1328045328,
-1324140155,
-1322048227,
-1321268967,
-1318640164,
-1317042153,
-1315981641,
-1314715834,
-1313419201,
-1311529814,
-1306350295,
-1305488089,
-1303592365,
-1302222790,
-1301666264,
-1301498803,
-1299270670,
-1296033097,
-1286565321,
-1285300657,
-1283601561,
-1276610892,
-1274464028,
-1273531796,
-1271993761,
-1269257455,
-1269217077,
-1268167621,
-1263430010,
-1261130576,
-1260760701,
-1257641580,
-1257295086,
-1257142856,
-1256468424,
-1252409658,
-1250671717,
-1250225109,
-1250106211,
-1247447804,
-1244615323,
-1243118463,
-1242254387,
-1241429459,
-1240939406,
-1238603895,
-1236862008,
-1236605209,
-1235429195,
-1235112211,
-1229545449,
-1229269063,
-1228317775,
-1218918398,
-1215481957,
-1215079392,
-1213945323,
-1213522113,
-1213383760,
-1207357052,
-1204290197,
-1190583154,
-1188526502,
-1186637457,
-1183561408,
-1180768330,
-1177677291,
-1177180423,
-1176437644,
-1176204696,
-1174431121,
-1174156392,
-1170564599,
-1165203680,
-1163576136,
-1163202837,
-1162033660,
-1159733493,
-1155656212,
-1153128240,
-1151624956,
-1151142560,
-1143119837,
-1137911440,
-1137262078,
-1136323472,
-1132285592,
-1129189129,
-1128877426,
-1127301689,
-1123985425,
-1119950440,
-1119434849,
-1119357898,
-1118824887,
-1115773228,
-1115096238,
-1114397166,
-1112880332,
-1106616513,
-1106013935,
-1105635616,
-1104349034,
-1104126262,
-1102463555,
-1096579360,
-1089886072,
-1084898300,
-1077185979,
-1076618289,
-1072398328,
-1069025757,
-1068251393,
-1065445940,
-1064008522,
-1060415364,
-1059529025,
-1059266691,
-1057872777,
-1057636872,
-1056700706,
-1055639846,
-1055471075,
-1053742117,
-1047475286,
-1047474211,
-1047292014,
-1046472427,
-1045494377,
-1042668099,
-1038944138,
-1029522009,
-1029404164,
-1028922708,
-1028706583,
-1028439789,
-1028025408,
-1027792231,
-1027038420,
-1024906993,
-1022775079,
-1020893225,
-1014481726,
-1011069049,
-1008660574,
-1000741521,
-998229292,
-997832437,
-994630926,
-992259771,
-986914724,
-986891645,
-983794950,
-971786954,
-967856470,
-967832367,
-966431977,
-964100425,
-962055676,
-961431873,
-961010099,
-959653618,
-958221895,
-955390600,
-954454714,
-952603839,
-951957738,
-946961848,
-945291781,
-940220618,
-937925446,
-936819367,
-935239292,
-935223776,
-932446356,
-930981909,
-928979230,
-925675957,
-921712138,
-921693358,
-919915483,
-914513090,
-913876095,
-910056346,
-908647434,
-908160843,
-907896766,
-907237057,
-906479393,
-906420418,
-906016764,
-901602071,
-900904945,
-899821899,
-897461183,
-893198295,
-893076732,
-892170977,
-885393869,
-882192042,
-880535429,
-877526181,
-876316204,
-872673057,
-872557895,
-872417253,
-868409824,
-867410893,
-863426819,
-862961519,
-859934332,
-856746632,
-851160900,
-849156304,
-848896077,
-847343929,
-844807880,
-843637384,
-842147465,
-840365751,
-839411960,
-837579527,
-835897255,
-828073024,
-824253692,
-822517887,
-819148216,
-816565056,
-815085920,
-813770538,
-813342412,
-812317782,
-811510584,
-808054380,
-806356247,
-798039763,
-796185370,
-795501952,
-793676201,
-793152011,
-786728902,
-780127499,
-772974464,
-770418988,
-768046597,
-765557897,
-765299070,
-760728315,
-759208633,
-758885090,
-757512830,
-755229896,
-752832865,
-750976727,
-749150252,
-746587176,
-745841725,
-745456929,
-742052033,
-740502837,
-740475170,
-739662175,
-732783860,
-729657139,
-728345620,
-721355783,
-718031328,
-717511755,
-711513504,
-710928308,
-710576119,
-705377885,
-702448267,
-696432391,
-696048509,
-694824103,
-692631810,
-692210680,
-683711185,
-679820392,
-678248854,
-677994724,
-677415794,
-676619994,
-676358407,
-669767839,
-667389545,
-664998318,
-664957135,
-663284759,
-662285324,
-660654041,
-656090870,
-650809796,
-649095373,
-647922532,
-647269483,
-646986512,
-646503314,
-644633145,
-643794168,
-642835875,
-635173699,
-633531867,
-631484820,
-631476148,
-630490531,
-626106593,
-615785250,
-612798776,
-612102050,
-610970266,
-610796777,
-610088391,
-609983869,
-607581740,
-603765341,
-603678872,
-601833524,
-599985402,
-596902365,
-591773685,
-590681793,
-589713309,
-588152637,
-587988412,
-586261369,
-583094987,
-580933440,
-579202746,
-578422671,
-578316339,
-576788154,
-567958324,
-560853103,
-552665863,
-542936496,
-540905472,
-534877595,
-534227632,
-531800273,
-531126310,
-528980921,
-528638296,
-527222767,
-524236707,
-520078882,
-519220301,
-516239289,
-514619082,
-514522338,
-513645011,
-512633902,
-511803513,
-509292608,
-504525344,
-502795319,
-500404126,
-496538442,
-495023094,
-494721454,
-494631771,
-491694715,
-489854065,
-488773360,
-488001976,
-487192591,
-486721644,
-486616754,
-486328804,
-485581218,
-477680235,
-477539492,
-475226786,
-472755656,
-469461621,
-467243297,
-464852739,
-461152550,
-456312956,
-454071007,
-451566070,
-445485235,
-445357949,
-442613116,
-441481579,
-430657266,
-429020981,
-428643905,
-426984684,
-423920904,
-420184048,
-419745142,
-407939163,
-404991578,
-404798476,
-402949068,
-390902963,
-386560810,
-381275851,
-380719053,
-380144812,
-379438127,
-366678777,
-363659462,
-363080980,
-362793406,
-360299541,
-359315775,
-351795560,
-349533105,
-347044725,
-345993762,
-342372324,
-341290660,
-338279495,
-337034985,
-334323412,
-329507090,
-328476874,
-326193462,
-321786363,
-320865712,
-318647166,
-318487582,
-318471257,
-311587675,
-310218028,
-309149757,
-302935668,
-302592607,
-300909087,
-300577536,
-300457158,
-299858141,
-296083888,
-293883812,
-290838502,
-282196975,
-278966623,
-278718339,
-275669622,
-268323540,
-268318481,
-267751784,
-266282463,
-262285247,
-261027006,
-260932373,
-259924702,
-259193497,
-252417386,
-249699293,
-248773502,
-243114956,
-241436587,
-237825204,
-237540127,
-232710596,
-232133013,
-231408526,
-230648018,
-229608531,
-229191080,
-228310814,
-227774223,
-226925865,
-226439638,
-226161195,
-222631403,
-222159044,
-221826232,
-221758250,
-221649944,
-220022182,
-216616059,
-213799619,
-213521796,
-212768922,
-208756309,
-204581582,
-203142434,
-197029303,
-193370755,
-186510139,
-186446391,
-185794013,
-182175839,
-181014267,
-179707476,
-179114532,
-173183665,
-172882253,
-171442707,
-168806591,
-163186208,
-161412410,
-155935971,
-151504104,
-150763762,
-148870620,
-147024402,
-145294128,
-142359729,
-141576780,
-140530553,
-136906896,
-132597427,
-132524499,
-131020614,
-130932091,
-129698237,
-121856860,
-119981799,
-119691971,
-119288754,
-118302305,
-117097604,
-115940051,
-115704813,
-115440490,
-111401119,
-110723006,
-109210148,
-107395780,
-105151847,
-104654194,
-95708959,
-94334431,
-85164448,
-83438531,
-82147629,
-80183397,
-77762447,
-76624962,
-73756349,
-73412747,
-71558946,
-70201220,
-69684930,
-69683277,
-67381373,
-64761678,
-63655534,
-60445212,
-54297819,
-54234429,
-53766742,
-53384874,
-53127848,
-50741152,
-46817758,
-45404852,
-37951646,
-37397040,
-31065908,
-23611631,
-23174960,
-9203362,
-8179651,
-6187621,
-4747965,
-2285131,
-2254541,
1663962,
2795263,
4701686,
6173293,
6655832,
12431656,
13727005,
14614123,
14641207,
19380821,
21952623,
23537094,
23785875,
24829724,
25884243,
28118741,
29562924,
31395356,
31709670,
39599164,
40936632,
44620307,
48760322,
50807909,
51487285,
52812366,
54085265,
54167991,
62623002,
63597061,
77102414,
81320331,
82699593,
83403098,
88480064,
89716435,
92520436,
92575511,
92860187,
97839425,
103291992,
103840966,
103890243,
104927767,
105987494,
107142740,
108175418,
109788235,
110778981,
111427385,
115561704,
115855420,
119854749,
125290613,
125989004,
126786981,
131113449,
131403521,
134389237,
141727026,
152795861,
163019428,
171168394,
178583450,
179682380,
181087751,
182714067,
184738651,
185881490,
185984377,
186576081,
190664508,
199248175,
201410138,
202840599,
203298370,
204289626,
206636304,
210154524,
213735524,
217049029,
217658686,
226693260,
230235277,
232350609,
234456551,
240816208,
244655123,
245063719,
245087945,
250488524,
251980947,
252173666,
252204387,
252839377,
257976411,
260420975,
264012206,
264119275,
267490826,
272483523,
273495893,
276437522,
283151026,
283490482,
287182929,
287536984,
287747100,
291940945,
295423059,
296085494,
301502323,
303873966,
304695049,
306738226,
307356482,
315194388,
315432640,
315574864,
320417806,
321101989,
321482400,
321886817,
322887604,
327143644,
329406463,
332340275,
334330932,
334874470,
335120509,
342386551,
344944968,
347165842,
349842914,
351929052,
356571918,
360044786,
362042683,
363519781,
364096113,
366223134,
368313922,
368544091,
368864366,
375302133,
376505929,
378806650,
379307707,
380198496,
380550861,
380898495,
381481869,
382316397,
385078497,
391148375,
391300970,
394045706,
395240541,
395977711,
396916501,
399783568,
400369845,
403182857,
403601197,
404388164,
407460518,
407959843,
415496905,
415931715,
418611030,
421246642,
424641155,
433957147,
437156493,
437386191,
437888003,
438282706,
440375794,
442329564,
442430911,
444485768,
446159008,
447755285,
447759961,
450792348,
454311711,
456856573,
460795150,
461038169,
461159356,
461574471,
463791881,
468688978,
468799519,
468897730,
469433567,
473544864,
475752597,
478840332,
489353182,
493112046,
495338482,
496244201,
497607160,
499626707,
501179835,
502837437,
505040812,
515639439,
517043101,
521349466,
522588054,
523020748,
524891242,
525059562,
526506943,
533892688,
536674165,
537831954,
538932118,
539067133,
539216681,
539478889,
543561689,
544783466,
545704167,
547960216,
548422509,
551146046,
552124385,
552678584,
556389152,
556899049,
557717587,
561637171,
562656329,
566369766,
569828396,
570536131,
570777208,
577879181,
581152021,
581417017,
584778065,
589089445,
589972919,
593508416,
596115312,
599914547,
605383268,
607492450,
611733355,
616198641,
619077134,
621916299,
631438212,
632669635,
632710319,
632753782,
633615451,
633663369,
636920885,
641919675,
649944810,
650479379,
660171242,
664655145,
666842299,
669377908,
673260309,
675467776,
678534747,
678672757,
680732366,
681269434,
681865179,
683793765,
684457072,
689635720,
696108121,
696522591,
699422862,
699433999,
708697480,
715758739,
718466156,
720660133,
722015758,
724968896,
727542779,
733752486,
733850779,
735395237,
741534354,
742716181,
743720073,
746680942,
751072673,
755400682,
760836103,
761101837,
761559758,
765062298,
766541311,
766758804,
767497099,
773770041,
774568885,
776225833,
778009769,
779178333,
782365320,
788972885,
797887349,
799974855,
801380520,
802018891,
813371032,
815508913,
817977594,
820082408,
820093721,
821578907,
822730765,
827053920,
830698834,
831162626,
831776504,
832380538,
833017226,
836942243,
838353670,
840700390,
847885883,
850055874,
853891050,
858766049,
861513361,
861805766,
861831074,
866472006,
870939293,
872261360,
872370959,
876424843,
876792401,
881080174,
881335572,
883216734,
883828643,
885280563,
885517580,
892576818,
897265064,
902653001,
907637861,
907732504,
907868386,
908070368,
908984015,
910564105,
911683347,
911745244,
913900049,
915279985,
926909571,
927327624,
929723251,
931339597,
935044771,
935114495,
938762275,
941612839,
942187218,
942347621,
943688190,
944522840,
944960488,
945174616,
956951621,
957045519,
959266583,
961143674,
963255149,
964883126,
967736438,
969782152,
970174412,
980541638,
983268124,
983943962,
984160200,
985266506,
991649267,
991865003,
993418747,
993639367,
995944652,
1001904152,
1015036921,
1017679650,
1018058628,
1018462365,
1019419455,
1020106417,
1020363077,
1026375235,
1034474798,
1039694398,
1040869579,
1041956243,
1044331741,
1045865447,
1049284503,
1049503711,
1049629726,
1051934793,
1053308976,
1053973688,
1055144391,
1058359059,
1064836623,
1067044439,
1067964975,
1068667099,
1071670808,
1071914955,
1078578250,
1082770223,
1083928957,
1085431454,
1093685797,
1093830977,
1095218437,
1097924098,
1098619743,
1103685667,
1104724510,
1105234434,
1105423845,
1107145605,
1109337809,
1110374081,
1111570427,
1111668723,
1111771170,
1112364689,
1124616972,
1124979939,
1125194857,
1126213675,
1127208286,
1131759563,
1131955750,
1133026692,
1134784325,
1135136113,
1136645576,
1144179693,
1147833405,
1150017295,
1156791652,
1160000367,
1160589826,
1165667178,
1167455493,
1173679790,
1174916914,
1174942789,
1178534493,
1181032662,
1181800290,
1184254723,
1185765641,
1188712202,
1189031668,
1192705222,
1193615660,
1194677064,
1194716199,
1201432915,
1203964291,
1205331366,
1208734911,
1210849303,
1215071505,
1219046287,
1219550229,
1220549710,
1226121526,
1228136264,
1229723789,
1241153900,
1248703178,
1255997266,
1258871448,
1261202267,
1262912314,
1262938101,
1264009037,
1264423458,
1265639896,
1274089618,
1276382365,
1279879857,
1281904871,
1284164962,
1285733085,
1285829220,
1286668743,
1287023573,
1288428200,
1289101248,
1291167855,
1292073026,
1294624475,
1297984307,
1302625144,
1304982160,
1306991816,
1310009020,
1311848333,
1314636014,
1319009281,
1321406972,
1326115133,
1326536492,
1329972408,
1330099610,
1337229333,
1337264564,
1342816838,
1344881453,
1356411559,
1358161711,
1358558840,
1362311559,
1363595158,
1366976125,
1367292091,
1374790517,
1376917954,
1377906525,
1385584629,
1388064961,
1388536381,
1388547971,
1388879290,
1389212271,
1389283701,
1394969995,
1397855361,
1400304405,
1404848841,
1407074565,
1409358332,
1410225532,
1413437199,
1415291862,
1415830417,
1417983620,
1419941515,
1424138420,
1426615255,
1426712914,
1428548921,
1430354588,
1432307651,
1432569174,
1433635826,
1436047098,
1436595559,
1437659212,
1438908725,
1439273273,
1444189194,
1451632931,
1459788658,
1464501057,
1469367534,
1469679960,
1475692717,
1475902850,
1477310825,
1481208230,
1481515959,
1483214321,
1485375026,
1485695830,
1486896364,
1487139248,
1487494060,
1489245234,
1492020266,
1495359822,
1495361570,
1495967134,
1498528427,
1499947151,
1508447019,
1513995258,
1516342346,
1523038688,
1535877126,
1536732573,
1538468084,
1539011211,
1540106601,
1540746195,
1541028930,
1542470117,
1543969611,
1547222855,
1547625638,
1550932942,
1552483542,
1552524796,
1555545041,
1557990811,
1558027325,
1558170287,
1558865826,
1565530049,
1566350579,
1568751303,
1569191147,
1569991867,
1572442546,
1575390387,
1576025948,
1579328248,
1585562257,
1587788647,
1596804431,
1596960754,
1600963783,
1601529483,
1603496927,
1605792532,
1605894979,
1607172278,
1610576608,
1617659573,
1619296935,
1621638455,
1623038760,
1624034716,
1624123332,
1624760807,
1626936814,
1627953027,
1629990786,
1634054063,
1634824095,
1636502232,
1639082995,
1641790773,
1643256672,
1649137777,
1655156557,
1655515559,
1658467166,
1660571279,
1662309634,
1664032811,
1665233787,
1666935004,
1667566630,
1667673225,
1671190296,
1671229343,
1671479808,
1676076107,
1687274923,
1693407540,
1698260072,
1701728628,
1705352656,
1705500331,
1708985079,
1711502064,
1713709964,
1719194064,
1721555812,
1722182137,
1726946414,
1727543970,
1728263789,
1728356718,
1730217699,
1731964208,
1733320874,
1737044598,
1738298659,
1739027671,
1740705756,
1743511062,
1747433047,
1749069088,
1751178513,
1752465617,
1755818260,
1758515871,
1760899879,
1764011747,
1767089789,
1776380373,
1778278008,
1778518866,
1780287746,
1784210624,
1784824804,
1785251623,
1786943629,
1792200684,
1793698036,
1796052826,
1801640778,
1804276982,
1804614438,
1804983714,
1810337399,
1815992426,
1820402474,
1820656105,
1820771261,
1821107636,
1824512955,
1824677667,
1825380226,
1832342120,
1837170234,
1837712599,
1840528183,
1843060669,
1843792719,
1846101829,
1846475442,
1847437519,
1847471678,
1847608239,
1849800821,
1849810907,
1854579978,
1861590913,
1865840992,
1866620435,
1867650831,
1870103848,
1870658830,
1873950125,
1876052904,
1879442209,
1880778455,
1883628500,
1888504559,
1890972300,
1891099041,
1894650181,
1895864409,
1896148089,
1903490360,
1908229822,
1908515360,
1910035218,
1910338043,
1914673794,
1916806135,
1917489741,
1917847625,
1919759856,
1922339246,
1923790630,
1924564282,
1926245178,
1926569403,
1931121531,
1933779678,
1937973909,
1940271534,
1940588737,
1943849881,
1946884640,
1949345469,
1955123360,
1955686546,
1956972948,
1958074938,
1960696086,
1964977451,
1965436971,
1967897079,
1971028305,
1972529102,
1973006819,
1973031880,
1973360783,
1973675841,
1974782152,
1975289262,
1975477652,
1982918518,
1987550039,
1994398242,
1996581202,
1997964278,
2001718515,
2004097220,
2006061431,
2006154297,
2008841882,
2011059026,
2011254693,
2013210959,
2016969729,
2021270927,
2025820759,
2026660894,
2036054511,
2038118419,
2041452582,
2042085955,
2043675807,
2045225415,
2048397432,
2050663417,
2051825721,
2053637023,
2064805726,
2065204537,
2066040808,
2068680975,
2071310587,
2072614430,
2073428380,
2075146575,
2079186980,
2080811728,
2080882098,
2081976980,
2082810914,
2085594919,
2086202488,
2088364435,
2088739462,
2092738508,
2093018682,
2098791693,
2101360255,
2103485585,
2107095314,
2108210395,
2111900143,
2116669792,
2119331343,
2126650103,
2127567534,
2129268927,
2133663150,
2136249486,
2140898089,
2142617338,
2145664952,
2146323134,
2146768086,
