-2114407474,
-2111783658,
-2100926657,
-2077919124,
-2060981632,
-2060145531,
-2023364383,
-1999432947,
-1998408774,
-1919591334,
-1912274913,
-1878005037,
-1871643261,
-1833102509,
-1807937130,
-1756570832,
-1706470386,
-1705267874,
-1688528337,
-1589338058,
-1586714496,
-1551754681,
-1515012326,
-1417334963,
-1394329089,
-1358741666,
-1263430010,
-1183561408,
-1112880332,
-1105635616,
-1089886072,
-1028439789,
-1014481726,
-940220618,
-937925446,
-906016764,
-897461183,
-893198295,
-843637384,
-808054380,
-795501952,
-793152011,
-752832865,
-664998318,
-612798776,
-552665863,
-488001976,
-363080980,
-341290660,
-328476874,
-299858141,
-267751784,
-248773502,
-222631403,
-203142434,
-147024402,
-142359729,
13727005,
50807909,
54167991,
92860187,
232350609,
304695049,
332340275,
380198496,
395240541,
400369845,
499626707,
502837437,
538932118,
611733355,
681269434,
733752486,
778009769,
876424843,
892576818,
959266583,
995944652,
1049629726,
1147833405,
1258871448,
1279879857,
1281904871,
1288428200,
1289101248,
1426615255,
1523038688,
1605894979,
1636502232,
1658467166,
1671190296,
1793698036,
1820771261,
1888504559,
1971028305,
2079186980,
2086202488,
2098791693,
2116669792,
2126650103,
