-2127480940,
-2114407474,
-2112870226,
-2111783658,
-2100926657,
-2087875506,
-2083122004,
-2079306896,
-2077919124,
-2070548840,
-2061945386,
-2060981632,
-2060145531,
-2056938600,
-2048734027,
-2039757462,
-2033640687,
-2023364383,
-2017820357,
-2004261886,
-1999432947,
-1998408774,
-1996721916,
-1988358119,
-1986460022,
-1983592427,
-1977271605,
-1962093922,
-1959675409,
-1953641864,
-1950928545,
-1929127822,
-1919591334,
-1919573525,
-1912274913,
-1898250317,
-1893604448,
-1893008956,
-1878005037,
-1877886242,
-1871643261,
-1869610226,
-1866147767,
-1865632297,
-1865486703,
-1843730088,
-1833102509,
-1807937130,
-1807282414,
-1803293143,
-1800279370,
-1791927090,
-1767605942,
-1756570832,
-1733723360,
-1721352500,
-1715260252,
-1706470386,
-1705267874,
-1699358913,
-1688528337,
-1679956930,
-1676491928,
-1660765528,
-1659812393,
-1659417780,
-1658719464,
-1652305642,
-1646974227,
-1635056123,
-1630086421,
-1619839891,
-1619770363,
-1617459714,
-1610032186,
-1600616992,
-1589338058,
-1586714496,
-1578070406,
-1553774509,
-1551754681,
-1546077914,
-1532798140,
-1531233867,
-1527500602,
-1515012326,
-1508820822,
-1477869630,
-1477410044,
-1467127911,
-1448362422,
-1447387101,
-1441029399,
-1428799425,
-1425458445,
-1417334963,
-1402863178,
-1398955858,
-1394329089,
-1379749602,
-1372991797,
-1364225297,
-1358741666,
-1337854579,
-1333128796,
-1324140155,
-1322048227,
-1321268967,
-1318640164,
-1302222790,
-1286565321,
-1285300657,
-1276610892,
-1268167621,
-1263430010,
-1261130576,
-1260760701,
-1244615323,
-1236605209,
-1228317775,
-1215079392,
-1207357052,
-1190583154,
-1183561408,
-1163576136,
-1163202837,
-1153128240,
-1137911440,
-1136323472,
-1118824887,
-1112880332,
-1106616513,
-1105635616,
-1102463555,
-1089886072,
-1072398328,
-1069025757,
-1068251393,
-1064008522,
-1057636872,
-1045494377,
-1028922708,
-1028439789,
-1027792231,
-1022775079,
-1014481726,
-997832437,
-986914724,
-983794950,
-971786954,
-964100425,
-958221895,
-955390600,
-940220618,
-937925446,
-921712138,
-919915483,
-907896766,
-906420418,
-906016764,
-899821899,
-897461183,
-893198295,
-876316204,
-867410893,
-859934332,
-856746632,
-849156304,
-843637384,
-819148216,
-813770538,
-812317782,
-811510584,
-808054380,
-798039763,
-795501952,
-793676201,
-793152011,
-757512830,
-752832865,
-746587176,
-745841725,
-740475170,
-717511755,
-677994724,
-677415794,
-664998318,
-650809796,
-647269483,
-646986512,
-615785250,
-612798776,
-610088391,
-590681793,
-578422671,
-576788154,
-560853103,
-552665863,
-514619082,
-513645011,
-496538442,
-494721454,
-494631771,
-491694715,
-488001976,
-486616754,
-477680235,
-472755656,
-469461621,
-445485235,
-442613116,
-428643905,
-404991578,
-380719053,
-380144812,
-363080980,
-360299541,
-345993762,
-341290660,
-328476874,
-302935668,
-300457158,
-299858141,
-268318481,
-267751784,
-260932373,
-259924702,
-252417386,
-249699293,
-248773502,
-237825204,
-230648018,
-229608531,
-222631403,
-221826232,
-221649944,
-220022182,
-213799619,
-208756309,
-204581582,
-203142434,
-197029303,
-186446391,
-181014267,
-161412410,
-151504104,
-147024402,
-142359729,
-140530553,
-136906896,
-119288754,
-111401119,
-109210148,
-104654194,
-94334431,
-76624962,
-71558946,
-69684930,
-64761678,
-46817758,
-37951646,
-23611631,
-23174960,
-8179651,
-2285131,
1663962,
13727005,
23537094,
28118741,
29562924,
31709670,
48760322,
50807909,
54167991,
77102414,
83403098,
92575511,
92860187,
103291992,
103890243,
109788235,
111427385,
152795861,
163019428,
178583450,
181087751,
182714067,
210154524,
217658686,
232350609,
240816208,
245063719,
245087945,
252839377,
257976411,
267490826,
272483523,
295423059,
304695049,
320417806,
321101989,
321482400,
332340275,
334330932,
342386551,
360044786,
363519781,
375302133,
380198496,
380898495,
382316397,
391300970,
395240541,
396916501,
400369845,
403182857,
407460518,
415496905,
418611030,
421246642,
440375794,
454311711,
461159356,
468897730,
489353182,
495338482,
499626707,
502837437,
505040812,
525059562,
526506943,
538932118,
539216681,
543561689,
545704167,
547960216,
551146046,
556389152,
557717587,
561637171,
562656329,
566369766,
589972919,
599914547,
605383268,
611733355,
631438212,
633663369,
636920885,
649944810,
680732366,
681269434,
684457072,
689635720,
724968896,
733752486,
761559758,
766758804,
773770041,
774568885,
778009769,
779178333,
797887349,
815508913,
817977594,
830698834,
836942243,
838353670,
847885883,
872261360,
876424843,
876792401,
883828643,
892576818,
897265064,
902653001,
907732504,
911683347,
915279985,
927327624,
941612839,
942347621,
944522840,
959266583,
964883126,
980541638,
984160200,
995944652,
1040869579,
1049629726,
1067044439,
1068667099,
1105423845,
1127208286,
1131759563,
1133026692,
1147833405,
1160589826,
1185765641,
1189031668,
1203964291,
1215071505,
1226121526,
1258871448,
1264009037,
1264423458,
1276382365,
1279879857,
1281904871,
1285733085,
1285829220,
1287023573,
1288428200,
1289101248,
1302625144,
1311848333,
1326536492,
1342816838,
1344881453,
1358161711,
1366976125,
1377906525,
1394969995,
1407074565,
1424138420,
1426615255,
1428548921,
1432307651,
1436047098,
1438908725,
1475902850,
1477310825,
1486896364,
1487494060,
1495359822,
1508447019,
1516342346,
1523038688,
1547222855,
1555545041,
1558027325,
1572442546,
1576025948,
1579328248,
1600963783,
1601529483,
1603496927,
1605894979,
1617659573,
1619296935,
1623038760,
1636502232,
1639082995,
1658467166,
1664032811,
1667566630,
1671190296,
1671229343,
1671479808,
1698260072,
1708985079,
1713709964,
1728356718,
1739027671,
1752465617,
1780287746,
1784210624,
1793698036,
1810337399,
1815992426,
1820771261,
1825380226,
1837170234,
1840528183,
1843792719,
1854579978,
1865840992,
1888504559,
1903490360,
1916806135,
1924564282,
1926569403,
1971028305,
1972529102,
1973006819,
1975289262,
1987550039,
2021270927,
2050663417,
2051825721,
2079186980,
2080882098,
2082810914,
2086202488,
2098791693,
2108210395,
2116669792,
2126650103,
2140898089,
2146323134,
