1663962,
-2285131,
4701686,
-4747965,
6655832,
-8179651,
-9203362,
12431656,
13727005,
14614123,
21952623,
-23174960,
23537094,
-23611631,
23785875,
25884243,
28118741,
29562924,
-31065908,
31709670,
-37397040,
-37951646,
39599164,
40936632,
-45404852,
-46817758,
48760322,
50807909,
-53384874,
54167991,
-54234429,
62623002,
63597061,
-63655534,
-64761678,
-69684930,
-71558946,
-76624962,
77102414,
-77762447,
-80183397,
-82147629,
83403098,
-85164448,
92575511,
92860187,
-94334431,
-95708959,
103291992,
103890243,
-104654194,
104927767,
-109210148,
109788235,
110778981,
-111401119,
111427385,
-115440490,
115561704,
115855420,
-115940051,
-117097604,
-119288754,
125989004,
-130932091,
131113449,
-132524499,
134389237,
-136906896,
-140530553,
-141576780,
-142359729,
-147024402,
-151504104,
152795861,
-155935971,
-161412410,
163019428,
-168806591,
171168394,
-172882253,
-173183665,
178583450,
-179707476,
-181014267,
181087751,
182714067,
184738651,
-185794013,
185984377,
-186446391,
-197029303,
202840599,
-203142434,
203298370,
204289626,
-204581582,
-208756309,
210154524,
-212768922,
-213521796,
-213799619,
217049029,
217658686,
-220022182,
-221649944,
-221758250,
-221826232,
-222159044,
-222631403,
-229608531,
-230648018,
-231408526,
-232133013,
232350609,
-237825204,
240816208,
-243114956,
245063719,
245087945,
-248773502,
-249699293,
251980947,
252204387,
-252417386,
252839377,
257976411,
-259924702,
-260932373,
-266282463,
267490826,
-267751784,
-268318481,
272483523,
-278718339,
-278966623,
-282196975,
283490482,
287182929,
-290838502,
291940945,
295423059,
-299858141,
-300457158,
-300577536,
-300909087,
-302935668,
304695049,
306738226,
315432640,
315574864,
-318471257,
-318487582,
320417806,
321101989,
321482400,
321886817,
-326193462,
327143644,
-328476874,
329406463,
332340275,
-334323412,
334330932,
-337034985,
-341290660,
342386551,
-345993762,
-349533105,
-351795560,
356571918,
-359315775,
360044786,
-360299541,
-363080980,
363519781,
-363659462,
375302133,
-380144812,
380198496,
-380719053,
380898495,
-381275851,
382316397,
385078497,
-390902963,
391148375,
391300970,
395240541,
396916501,
400369845,
-402949068,
403182857,
404388164,
-404798476,
-404991578,
407460518,
415496905,
415931715,
418611030,
-419745142,
421246642,
-423920904,
-428643905,
-430657266,
438282706,
440375794,
442329564,
-442613116,
-445485235,
454311711,
-456312956,
456856573,
461159356,
461574471,
463791881,
-464852739,
-467243297,
468688978,
468897730,
469433567,
-469461621,
-472755656,
-475226786,
-477680235,
478840332,
-486328804,
-486616754,
-488001976,
489353182,
-491694715,
493112046,
-494631771,
-494721454,
495338482,
-496538442,
499626707,
-500404126,
502837437,
-504525344,
505040812,
-511803513,
-513645011,
-514619082,
517043101,
521349466,
522588054,
523020748,
525059562,
526506943,
-527222767,
533892688,
-534877595,
536674165,
538932118,
539216681,
-540905472,
-542936496,
543561689,
545704167,
547960216,
548422509,
551146046,
-552665863,
556389152,
557717587,
-560853103,
561637171,
562656329,
566369766,
-567958324,
569828396,
570536131,
-576788154,
577879181,
-578422671,
-579202746,
-583094987,
584778065,
-588152637,
-589713309,
589972919,
-590681793,
-591773685,
599914547,
-601833524,
605383268,
-607581740,
-610088391,
-610970266,
611733355,
-612102050,
-612798776,
-615785250,
-626106593,
631438212,
-631476148,
633663369,
636920885,
-642835875,
-643794168,
-644633145,
-646986512,
-647269483,
-649095373,
649944810,
650479379,
-650809796,
660171242,
-663284759,
664655145,
-664998318,
-669767839,
-676358407,
-677415794,
-677994724,
-678248854,
678672757,
-679820392,
680732366,
681269434,
681865179,
684457072,
689635720,
-692210680,
-694824103,
-696048509,
696108121,
708697480,
-710928308,
-711513504,
715758739,
-717511755,
718466156,
-721355783,
724968896,
733752486,
-739662175,
-740475170,
-742052033,
-745456929,
-745841725,
-746587176,
746680942,
-752832865,
-755229896,
-757512830,
-759208633,
760836103,
761101837,
761559758,
765062298,
766758804,
-772974464,
773770041,
774568885,
776225833,
778009769,
779178333,
-786728902,
-793152011,
-793676201,
-795501952,
797887349,
-798039763,
801380520,
802018891,
-808054380,
-811510584,
-812317782,
-813342412,
813371032,
-813770538,
-815085920,
815508913,
817977594,
-819148216,
-824253692,
830698834,
831162626,
831776504,
832380538,
833017226,
836942243,
-837579527,
838353670,
840700390,
-842147465,
-843637384,
-844807880,
-847343929,
847885883,
-849156304,
-856746632,
858766049,
-859934332,
861513361,
-863426819,
-867410893,
870939293,
872261360,
-872417253,
-872557895,
-876316204,
876424843,
876792401,
-877526181,
-880535429,
881080174,
881335572,
883216734,
883828643,
885517580,
-892170977,
892576818,
-893198295,
897265064,
-897461183,
-899821899,
-901602071,
902653001,
-906016764,
-906420418,
-906479393,
907637861,
907732504,
907868386,
-907896766,
908070368,
-908647434,
911683347,
911745244,
-913876095,
913900049,
-914513090,
915279985,
-919915483,
-921712138,
-925675957,
927327624,
929723251,
-932446356,
935044771,
-936819367,
-937925446,
-940220618,
941612839,
942347621,
944522840,
945174616,
-945291781,
-946961848,
-952603839,
-954454714,
-955390600,
957045519,
-958221895,
959266583,
-961431873,
963255149,
-964100425,
964883126,
-967832367,
-971786954,
980541638,
-983794950,
984160200,
-986914724,
991649267,
991865003,
-992259771,
993418747,
-994630926,
995944652,
-997832437,
-1000741521,
-1014481726,
1018462365,
1020106417,
1020363077,
-1020893225,
-1022775079,
-1027038420,
-1027792231,
-1028439789,
-1028922708,
-1029404164,
1040869579,
1041956243,
-1042668099,
1044331741,
-1045494377,
1045865447,
1049503711,
1049629726,
1051934793,
-1053742117,
1053973688,
-1055639846,
-1057636872,
-1059266691,
-1060415364,
-1064008522,
1064836623,
-1065445940,
1067044439,
-1068251393,
1068667099,
-1069025757,
1071670808,
-1072398328,
-1076618289,
1078578250,
-1089886072,
1098619743,
-1102463555,
-1104126262,
1105423845,
-1105635616,
-1106013935,
-1106616513,
1111668723,
1112364689,
-1112880332,
-1114397166,
-1115773228,
-1118824887,
-1119357898,
-1119434849,
-1123985425,
1124979939,
1126213675,
1127208286,
-1129189129,
1131759563,
1131955750,
1133026692,
-1136323472,
-1137262078,
-1137911440,
1147833405,
-1151142560,
-1153128240,
1156791652,
-1159733493,
1160589826,
-1163202837,
-1163576136,
-1165203680,
1165667178,
1174942789,
-1176204696,
-1177180423,
-1177677291,
1178534493,
-1180768330,
1181800290,
-1183561408,
1184254723,
1185765641,
-1186637457,
1188712202,
1189031668,
-1190583154,
1192705222,
1193615660,
1203964291,
-1207357052,
1208734911,
1210849303,
-1213945323,
1215071505,
-1215079392,
1219550229,
1226121526,
-1228317775,
-1235429195,
-1236605209,
1241153900,
-1244615323,
-1247447804,
1248703178,
-1250225109,
-1250671717,
1255997266,
-1256468424,
-1257641580,
1258871448,
-1260760701,
-1261130576,
-1263430010,
1264009037,
1264423458,
-1268167621,
-1269217077,
-1271993761,
1274089618,
1276382365,
-1276610892,
1279879857,
1281904871,
1284164962,
-1285300657,
1285733085,
1285829220,
-1286565321,
1287023573,
1288428200,
1289101248,
1294624475,
-1301498803,
-1302222790,
1302625144,
-1305488089,
-1306350295,
1306991816,
-1311529814,
1311848333,
1314636014,
-1315981641,
-1318640164,
1319009281,
-1321268967,
1321406972,
-1322048227,
-1324140155,
1326536492,
1329972408,
1330099610,
-1333128796,
1337264564,
-1337854579,
1342816838,
1344881453,
-1347018714,
-1350081448,
1358161711,
-1358741666,
1363595158,
-1364225297,
-1364524250,
-1366007629,
1366976125,
1367292091,
-1368129256,
-1372991797,
1377906525,
-1379749602,
-1386910135,
-1387278932,
1388064961,
1388879290,
-1394329089,
1394969995,
-1398955858,
1400304405,
-1402863178,
-1405984596,
1407074565,
1409358332,
1413437199,
-1417334963,
-1417569402,
1417983620,
1419941515,
1424138420,
-1425458445,
1426615255,
1428548921,
-1428799425,
1432307651,
1436047098,
1436595559,
1437659212,
1438908725,
1439273273,
-1441029399,
-1442729388,
-1447387101,
-1448362422,
-1449048852,
1451632931,
-1459328004,
-1461867196,
-1467127911,
1469367534,
1469679960,
-1473313907,
1475692717,
1475902850,
1477310825,
-1477410044,
-1477869630,
1483214321,
1486896364,
1487494060,
-1490540145,
1492020266,
1495359822,
-1501328026,
-1503172731,
-1504253595,
1508447019,
-1508820822,
-1510076458,
-1511489581,
-1512673268,
-1513993801,
-1515012326,
1516342346,
1523038688,
-1527500602,
-1531233867,
-1532798140,
-1537592828,
1538468084,
-1540389723,
-1541213122,
-1546077914,
1547222855,
1547625638,
-1550751076,
-1551754681,
-1553774509,
-1554294210,
1555545041,
1557990811,
1558027325,
1558865826,
-1566284087,
1568751303,
1569191147,
1569991867,
-1570718917,
1572442546,
1576025948,
-1578070406,
1579328248,
-1586714496,
-1588693083,
-1588967883,
-1589338058,
1596804431,
1596960754,
-1597228204,
-1600616992,
1600963783,
1601529483,
1603496927,
1605894979,
-1610032186,
-1617459714,
1617659573,
1619296935,
-1619770363,
-1619839891,
1623038760,
-1623400028,
1624034716,
1626936814,
-1630086421,
1634054063,
-1635056123,
1636502232,
1639082995,
-1646974227,
1649137777,
-1652305642,
-1652517997,
-1653215508,
-1653819236,
1655515559,
1658467166,
-1658719464,
-1659417780,
-1659812393,
-1660765528,
-1661893294,
1664032811,
-1664911883,
1667566630,
1671190296,
1671229343,
1671479808,
-1676491928,
-1678105452,
-1679956930,
-1688368982,
-1688528337,
-1689244839,
-1689742455,
1698260072,
-1699358913,
-1705267874,
1705352656,
1705500331,
-1706470386,
1708985079,
1713709964,
-1715260252,
-1715674283,
1719194064,
-1721352500,
1722182137,
1726946414,
1727543970,
1728263789,
1728356718,
-1733723360,
1739027671,
-1740368012,
1743511062,
-1748776874,
-1752375476,
1752465617,
-1756570832,
-1760721175,
-1767605942,
-1772881648,
-1773400456,
1778278008,
-1779764781,
-1780287003,
1780287746,
1784210624,
1784824804,
-1787514409,
-1787614312,
-1791927090,
-1792382950,
1793698036,
-1795240946,
-1800279370,
-1803293143,
1804614438,
1804983714,
-1807282414,
-1807937130,
1810337399,
-1810830480,
1815992426,
1820656105,
1820771261,
1821107636,
1824677667,
1825380226,
-1826232576,
-1826985213,
-1829919666,
-1833102509,
-1835322197,
1837170234,
1837712599,
1840528183,
-1843730088,
1843792719,
1847437519,
1847608239,
1849810907,
1854579978,
-1865486703,
-1865632297,
-1865760505,
1865840992,
-1866147767,
-1866736202,
1867650831,
-1869610226,
-1871643261,
1876052904,
-1877886242,
-1878005037,
1879442209,
-1880100907,
-1881951012,
1888504559,
1890972300,
1891099041,
-1893008956,
-1893604448,
1896148089,
-1898250317,
1903490360,
1908229822,
-1908385785,
1908515360,
1910035218,
-1912274913,
1914673794,
1916806135,
1917489741,
1917847625,
-1919573525,
-1919591334,
1919759856,
1924564282,
1926245178,
1926569403,
-1929127822,
-1935327070,
1943849881,
-1948196568,
-1948590459,
-1950928545,
-1953641864,
1955686546,
1956972948,
-1959415571,
-1959675409,
1960696086,
-1962093922,
-1964793993,
-1965047477,
1965436971,
1967897079,
1971028305,
1972529102,
-1972547684,
1973006819,
1973031880,
1973675841,
1974782152,
1975289262,
-1977271605,
1982918518,
-1983592427,
-1984056706,
-1984902324,
-1986460022,
1987550039,
-1988358119,
-1989433203,
-1993296992,
-1996721916,
1997964278,
-1998408774,
-1999432947,
-2004261886,
2011059026,
-2013766080,
2016969729,
-2017161942,
-2017820357,
2021270927,
-2023364383,
-2031210793,
-2033640687,
-2039757462,
-2045441154,
2048397432,
-2048734027,
2050663417,
2051825721,
-2056938600,
-2060145531,
-2060981632,
-2061593605,
-2061945386,
2064805726,
2068680975,
-2070548840,
-2070731549,
2072614430,
-2074489233,
-2074551687,
-2077919124,
2079186980,
-2079189888,
-2079306896,
-2080513084,
2080811728,
2080882098,
2082810914,
-2083122004,
2086202488,
-2087875506,
2092738508,
-2093539800,
-2094549581,
-2095453115,
-2096023143,
2098791693,
-2100926657,
2101360255,
-2102171321,
-2102503550,
-2105973262,
2108210395,
-2111783658,
-2112870226,
-2113492667,
-2114407474,
2116669792,
2119331343,
2126650103,
-2127480940,
2127567534,
2140898089,
2142617338,
2146323134,
