1663962,
-2254541,
-2285131,
2795263,
4701686,
-4747965,
6173293,
-6187621,
6655832,
-8179651,
-9203362,
12431656,
13727005,
14614123,
14641207,
19380821,
21952623,
-23174960,
23537094,
-23611631,
23785875,
24829724,
25884243,
28118741,
29562924,
-31065908,
31395356,
31709670,
-37397040,
-37951646,
39599164,
40936632,
44620307,
-45404852,
-46817758,
-47226502,
48760322,
-49747491,
-50741152,
50807909,
51487285,
52812366,
-53127848,
-53384874,
-53766742,
54085265,
54167991,
-54234429,
-54297819,
54698329,
56308235,
-60445212,
62623002,
63597061,
-63655534,
-64761678,
66632083,
-67381373,
-69683277,
-69684930,
-70201220,
-71558946,
-73412747,
-73756349,
-73908549,
-76624962,
77102414,
-77762447,
-79787845,
-80183397,
81320331,
-82147629,
82699593,
83403098,
-83438531,
-85164448,
88480064,
89716435,
92520436,
92575511,
92860187,
-94334431,
-95708959,
97839425,
-100466140,
103291992,
103840966,
103890243,
-104654194,
104927767,
-105151847,
105987494,
107142740,
-107395780,
108175418,
-109210148,
109788235,
-110723006,
110778981,
-111401119,
111427385,
-115440490,
115561704,
-115704813,
115855420,
-115940051,
-117097604,
-118302305,
-119288754,
-119691971,
119854749,
-119981799,
-121856860,
125290613,
-125744087,
125989004,
126786981,
-129698237,
-130932091,
-131020614,
131113449,
131403521,
132138264,
-132524499,
-132597427,
134389237,
134546172,
-136906896,
-140530553,
140916604,
-141576780,
141727026,
-142359729,
143744772,
-145294128,
-147024402,
-148870620,
-150763762,
-151504104,
152795861,
-155935971,
157745490,
-157999668,
158795204,
-161412410,
163019428,
-163186208,
-168806591,
171168394,
-171442707,
-172882253,
-173183665,
178583450,
-179114532,
179682380,
-179707476,
-181014267,
181087751,
-182175839,
182714067,
184738651,
-185794013,
185881490,
185984377,
-186446391,
-186510139,
186576081,
190664508,
-193370755,
-197029303,
199248175,
201410138,
202700369,
202840599,
-203033991,
-203142434,
203298370,
204289626,
-204581582,
206636304,
-208756309,
210154524,
-212768922,
-213521796,
213735524,
-213799619,
-216616059,
217049029,
217658686,
219063452,
-220022182,
-221649944,
-221758250,
-221826232,
-222159044,
-222631403,
-226161195,
-226439638,
226693260,
-226925865,
-227774223,
-228310814,
-229191080,
-229608531,
230235277,
-230648018,
-231408526,
-232133013,
232350609,
-232710596,
234456551,
235168086,
235295636,
235780735,
-237540127,
-237825204,
240816208,
-241436587,
-243114956,
244655123,
245063719,
245087945,
-248773502,
-249699293,
250488524,
-251964023,
251980947,
252173666,
252204387,
-252417386,
252839377,
253966981,
257976411,
-259193497,
-259924702,
260420975,
-260932373,
-261027006,
-262285247,
264012206,
264119275,
-266282463,
267490826,
-267751784,
-268318481,
-268323540,
272483523,
273495893,
-275669622,
276437522,
-278718339,
-278966623,
-282196975,
283151026,
283490482,
287182929,
287536984,
287747100,
-290838502,
291098660,
291940945,
-293883812,
295423059,
-296083888,
296085494,
-299858141,
-300457158,
-300577536,
-300909087,
301502323,
-302592607,
-302935668,
303873966,
304695049,
306738226,
307356482,
-309149757,
-310218028,
-311587675,
315194388,
315432640,
315574864,
-318471257,
-318487582,
-318647166,
-319171332,
320417806,
-320865712,
321101989,
321482400,
-321786363,
321886817,
322887604,
325658783,
-326193462,
-326274328,
327143644,
-328476874,
329406463,
-329507090,
332340275,
333929825,
-334323412,
334330932,
334874470,
335120509,
-337034985,
-338279495,
-341290660,
-342372324,
342386551,
344944968,
-345993762,
-347044725,
347165842,
-349533105,
349842914,
-351795560,
351929052,
356571918,
-359315775,
360044786,
-360299541,
362042683,
-362793406,
-363080980,
363519781,
-363659462,
364096113,
366223134,
-366678777,
368207098,
368313922,
368544091,
368864366,
375302133,
376505929,
378806650,
379307707,
-379438127,
-380144812,
380198496,
380550861,
-380719053,
380898495,
-381275851,
381481869,
382316397,
385078497,
-386560810,
387550755,
387731264,
-390902963,
391148375,
391300970,
394045706,
395240541,
395977711,
396226925,
396916501,
399783568,
400369845,
-402949068,
403182857,
403601197,
404388164,
-404798476,
-404991578,
407460518,
-407939163,
407959843,
415496905,
415931715,
418611030,
-419745142,
-420184048,
420736820,
421246642,
-423920904,
424641155,
-426984684,
-428643905,
-429020981,
-430657266,
433957147,
437156493,
437386191,
437888003,
438282706,
440375794,
-441481579,
442253073,
442329564,
442430911,
-442613116,
444485768,
-445357949,
-445485235,
446159008,
447755285,
447759961,
450792348,
-451566070,
-454071007,
454311711,
-456312956,
456856573,
460795150,
461038169,
-461152550,
461159356,
461574471,
463791881,
-464852739,
-467243297,
468688978,
468799519,
468897730,
469433567,
-469461621,
-472755656,
473544864,
-475226786,
475752597,
-477539492,
-477680235,
478840332,
-480100664,
-485581218,
-486328804,
-486616754,
-486721644,
-487192591,
-488001976,
-488773360,
489353182,
-489854065,
-491694715,
493112046,
-494631771,
-494721454,
-495023094,
495338482,
496244201,
-496538442,
497607160,
499626707,
-500404126,
501179835,
-502795319,
502837437,
-504525344,
505040812,
-505147869,
508016354,
-509292608,
-511803513,
-512633902,
-513645011,
-514522338,
-514619082,
515323889,
515639439,
-516239289,
517043101,
-519220301,
-520078882,
521349466,
522588054,
523020748,
-523857082,
-524236707,
524891242,
525059562,
526506943,
-527222767,
-528638296,
-528980921,
-531126310,
-531800273,
533892688,
-534227632,
-534877595,
535373929,
536674165,
537831954,
538932118,
539067133,
539216681,
539478889,
-540905472,
-542936496,
543561689,
544783466,
544906506,
545704167,
547960216,
548422509,
549216414,
-549509873,
551146046,
552124385,
-552665863,
552678584,
556389152,
556899049,
557717587,
-560853103,
561637171,
562656329,
566369766,
-567958324,
569828396,
570536131,
570777208,
574345296,
-576788154,
577879181,
-578316339,
-578422671,
-579202746,
-580933440,
581152021,
581417017,
-583094987,
584729610,
584778065,
-586261369,
-587988412,
-588152637,
589089445,
-589713309,
589972919,
-590681793,
-591773685,
593508416,
596115312,
-596902365,
599914547,
-599985402,
-601833524,
-603678872,
-603765341,
605383268,
-606837119,
607492450,
-607581740,
-609983869,
-610088391,
-610796777,
-610970266,
611733355,
-612102050,
-612798776,
-615785250,
616198641,
619077134,
621916299,
625892258,
-626106593,
-630490531,
631438212,
-631476148,
-631484820,
632669635,
632710319,
632753782,
-633531867,
633615451,
633663369,
-635173699,
-636166084,
636725884,
636920885,
641919675,
-642835875,
-643794168,
-644633145,
-646503314,
-646986512,
-647269483,
-647922532,
-648029307,
-649095373,
649944810,
650479379,
-650809796,
-656090870,
660171242,
-660654041,
-662285324,
-663009535,
-663284759,
664655145,
-664957135,
-664998318,
666842299,
-667389545,
667426967,
668748867,
669377908,
-669767839,
673260309,
675467776,
-676358407,
-676619994,
-677415794,
-677994724,
-678248854,
678534747,
678672757,
-679820392,
680732366,
681269434,
681865179,
-683711185,
683793765,
684457072,
689635720,
-692210680,
-692631810,
-694824103,
-696048509,
696108121,
-696432391,
696522591,
699422862,
699433999,
-702448267,
703937502,
-705377885,
706082027,
706993034,
707310983,
708697480,
-710576119,
-710928308,
-711513504,
715758739,
-717511755,
-718031328,
718466156,
718927555,
720660133,
-721355783,
722015758,
724968896,
-725553686,
727348392,
727542779,
-728345620,
-729657139,
-732783860,
733752486,
733850779,
733967777,
735395237,
-738090818,
-739662175,
-740475170,
-740502837,
741534354,
-742052033,
742716181,
743720073,
744818433,
-745456929,
-745841725,
-746587176,
746680942,
-749150252,
-750976727,
751072673,
-752832865,
-755229896,
755400682,
-757512830,
-758885090,
-759208633,
-760728315,
760836103,
761101837,
761559758,
765062298,
-765299070,
-765557897,
766541311,
766758804,
-766804135,
767497099,
-768046597,
-770418988,
-772974464,
773770041,
774568885,
776225833,
778009769,
779178333,
-780127499,
782365320,
-786728902,
-787651281,
788972885,
-793152011,
-793676201,
793769861,
-794584047,
-795501952,
-796185370,
797887349,
-798039763,
799974855,
801380520,
802018891,
804035785,
-806356247,
-808054380,
809544362,
-811510584,
-812317782,
-813342412,
813371032,
-813770538,
-815085920,
815508913,
-816565056,
817977594,
-819148216,
-819204913,
820082408,
820093721,
821578907,
-822517887,
822730765,
-824253692,
824814655,
827053920,
-828073024,
830698834,
831162626,
831776504,
832380538,
833017226,
-835897255,
836942243,
-837579527,
838353670,
-839411960,
-840365751,
840700390,
-842147465,
-843637384,
-844807880,
-847343929,
847515858,
847885883,
-848896077,
849023074,
-849156304,
850055874,
-851160900,
853891050,
-856746632,
858766049,
-859934332,
861513361,
861805766,
861831074,
-862961519,
-863426819,
866472006,
-867410893,
-868409824,
870939293,
872261360,
872370959,
-872417253,
-872557895,
-872673057,
-876316204,
876424843,
876792401,
-877526181,
-880535429,
881080174,
881335572,
-882192042,
883216734,
883828643,
885280563,
-885393869,
885517580,
-892170977,
892576818,
-893076732,
-893198295,
897265064,
-897461183,
-899821899,
-900904945,
-901602071,
902653001,
-904295206,
-906016764,
-906420418,
-906479393,
906578179,
-907237057,
907637861,
907732504,
907868386,
-907896766,
908070368,
-908160843,
-908647434,
908984015,
-910056346,
910564105,
911683347,
911745244,
-913876095,
913900049,
-914351229,
914489643,
-914513090,
915279985,
-919915483,
-921693358,
-921712138,
-925675957,
926909571,
927327624,
-928979230,
929723251,
-930981909,
931339597,
-932446356,
935044771,
935114495,
-935223776,
-935239292,
-936819367,
-937925446,
938762275,
-940220618,
941612839,
942187218,
942347621,
943688190,
944522840,
944960488,
945174616,
-945291781,
-946961848,
-951957738,
-952603839,
-954454714,
-955390600,
956951621,
957045519,
-958221895,
959266583,
-959653618,
-961010099,
961143674,
-961431873,
-962055676,
963255149,
-964100425,
964883126,
-966431977,
967736438,
-967832367,
-967856470,
969782152,
970174412,
-971786954,
978619657,
-979247128,
980541638,
983268124,
-983794950,
983943962,
984160200,
985266506,
-986891645,
-986914724,
991649267,
991865003,
-992259771,
993418747,
993639367,
-994630926,
995944652,
-997832437,
-998229292,
-1000741521,
1001904152,
-1008660574,
-1008985104,
-1011069049,
-1014481726,
1015036921,
-1015149746,
1017679650,
1018058628,
1018462365,
1019419455,
1020106417,
1020363077,
-1020893225,
-1022775079,
-1024906993,
1026375235,
-1027038420,
-1027792231,
-1027958261,
-1028025408,
-1028439789,
-1028706583,
-1028922708,
-1029404164,
-1029522009,
1034474798,
1038380790,
-1038944138,
1039694398,
1040869579,
1041956243,
-1042668099,
1044331741,
-1045494377,
1045865447,
-1046472427,
-1047292014,
-1047474211,
-1047475286,
1049284503,
1049503711,
1049629726,
1051934793,
1053308976,
-1053742117,
1053973688,
1055144391,
-1055471075,
-1055639846,
-1056700706,
-1057636872,
-1057872777,
1058359059,
-1059266691,
-1059529025,
-1060415364,
-1064008522,
1064836623,
-1065445940,
1067044439,
1067964975,
-1068251393,
1068667099,
-1069025757,
-1070504971,
1071670808,
1071914955,
-1071955104,
-1072398328,
-1076618289,
-1077185979,
1078392244,
1078578250,
1082770223,
1083928957,
-1084898300,
1085431454,
-1089886072,
-1090903067,
1093685797,
1093830977,
1095218437,
-1096579360,
1097924098,
1098619743,
-1102463555,
1103685667,
-1104126262,
-1104349034,
1104724510,
1105234434,
1105423845,
-1105635616,
-1106013935,
-1106616513,
1107145605,
1109337809,
1110374081,
1111570427,
1111668723,
1111771170,
1112364689,
-1112880332,
-1114397166,
-1115096238,
-1115773228,
-1118824887,
-1119357898,
-1119434849,
-1119950440,
-1123985425,
1124616972,
1124979939,
1125194857,
1126213675,
1127208286,
-1127301689,
-1128877426,
-1129189129,
1131759563,
1131955750,
-1132285592,
1133026692,
1134784325,
1135136113,
-1136323472,
1136645576,
-1137262078,
-1137911440,
-1143119837,
1144179693,
1147833405,
1150017295,
-1151142560,
-1151624956,
-1153128240,
-1155656212,
1156791652,
-1159733493,
1160000367,
1160589826,
-1162033660,
-1163202837,
-1163576136,
-1165203680,
-1165299775,
1165667178,
1167455493,
-1170564599,
1173679790,
-1174156392,
-1174431121,
1174916914,
1174942789,
1175656697,
-1176204696,
-1176437644,
-1177180423,
-1177677291,
1178534493,
-1180768330,
1181032662,
1181800290,
-1183561408,
1184254723,
1185765641,
1185854504,
-1186637457,
-1188526502,
1188712202,
1189031668,
1190110122,
-1190583154,
1192705222,
-1193271487,
1193615660,
1194677064,
1194716199,
-1195275436,
-1198397256,
1201432915,
1203964291,
-1204290197,
1205331366,
-1207357052,
1208734911,
1210849303,
-1213383760,
-1213522113,
-1213945323,
1214916445,
1215071505,
-1215079392,
-1215481957,
-1218918398,
1219046287,
1219395320,
1219550229,
1220549710,
-1224599232,
1226121526,
-1227114646,
1228136264,
-1228317775,
-1229269063,
-1229545449,
1229723789,
1234673924,
-1235112211,
-1235429195,
-1236605209,
-1236862008,
-1238603895,
-1240939406,
1241153900,
-1241429459,
-1242254387,
-1243118463,
-1244615323,
1244629746,
1245961243,
-1247447804,
1248703178,
-1250106211,
-1250225109,
-1250671717,
-1252409658,
1254020717,
1255997266,
-1256468424,
-1256896976,
-1257142856,
-1257295086,
-1257641580,
1258871448,
-1259356256,
-1260760701,
-1261130576,
1261202267,
1262912314,
1262938101,
-1263430010,
1264009037,
1264423458,
-1265366091,
1265639896,
-1268167621,
-1269217077,
-1269257455,
-1271993761,
-1273531796,
1274089618,
-1274464028,
1276382365,
-1276610892,
1277081086,
1279879857,
1280286257,
1281904871,
-1283601561,
1284164962,
-1285300657,
1285733085,
1285829220,
-1286565321,
1286668743,
1287023573,
1287095549,
1287512622,
1288428200,
1289101248,
1291167855,
1292073026,
1294624475,
-1296033097,
1297984307,
-1299270670,
1301171714,
-1301498803,
-1301666264,
-1302222790,
1302625144,
-1303592365,
1304982160,
-1305488089,
-1306350295,
1306991816,
-1307555597,
-1308746964,
-1309897643,
1310009020,
-1311529814,
1311848333,
1311908701,
-1313419201,
1314636014,
-1314715834,
-1315981641,
-1317042153,
-1317782952,
-1318640164,
1319009281,
-1321268967,
1321406972,
-1322048227,
-1324140155,
1326115133,
1326536492,
-1328045328,
1329972408,
1330099610,
-1333128796,
1337229333,
1337264564,
-1337854579,
-1339570732,
1342816838,
1344881453,
-1347018714,
-1347831241,
-1350079792,
-1350081448,
-1354822902,
1356411559,
1358161711,
1358558840,
-1358741666,
1360961664,
1362311559,
1363595158,
-1364225297,
-1364524250,
-1366007629,
1366976125,
1367292091,
-1368129256,
-1372991797,
1374790517,
1375447585,
1376917954,
-1377801886,
1377906525,
-1379749602,
-1379928631,
1385584629,
-1385836583,
-1386710999,
-1386910135,
-1387278932,
1388064961,
1388536381,
1388547971,
1388879290,
1389212271,
1389283701,
-1390676366,
-1392219044,
-1393896354,
-1394329089,
1394969995,
-1395839330,
-1397279899,
1397855361,
-1398333475,
-1398955858,
-1399264776,
-1400034108,
1400304405,
-1400513882,
-1402863178,
1404790621,
1404848841,
-1404968731,
-1405984596,
-1406960580,
1407074565,
1409358332,
1410225532,
-1411831828,
1413437199,
-1413807142,
-1413821039,
1415291862,
1415830417,
-1416448143,
-1417334963,
-1417569402,
1417983620,
-1419680580,
1419941515,
1421735185,
1424138420,
-1425458445,
1425799822,
1426615255,
1426712914,
1428548921,
-1428799425,
1430354588,
-1432143432,
1432307651,
1432569174,
-1432813438,
-1433619033,
1433635826,
1436047098,
1436595559,
-1436755036,
-1436807367,
1437659212,
-1438862518,
1438908725,
1439273273,
-1441029399,
-1442729388,
1444189194,
-1447387101,
-1448362422,
1448397912,
-1449048852,
-1450745602,
-1451521104,
-1451545363,
1451632931,
1453012787,
-1453538528,
-1456629968,
-1457216526,
-1459328004,
1459788658,
-1461093216,
-1461279204,
-1461867196,
1464501057,
-1465327407,
-1467127911,
-1468487049,
-1468736244,
-1469011604,
1469367534,
1469679960,
-1473313907,
-1473888398,
-1475635400,
1475692717,
1475902850,
1477310825,
-1477410044,
1477615758,
-1477869630,
-1478419000,
1478540180,
1481208230,
1481515959,
1483214321,
1485375026,
1485695830,
1486896364,
1487139248,
1487494060,
1489245234,
-1489814275,
-1490540145,
1492020266,
-1494826415,
1495359822,
1495361570,
1495967134,
1497486008,
1498528427,
-1499025354,
1499947151,
-1501328026,
-1503172731,
-1503317129,
1503564299,
-1504253595,
1508447019,
-1508820822,
-1510006763,
-1510076458,
1510405047,
-1511489581,
-1512505911,
-1512673268,
-1513264560,
-1513993801,
1513995258,
-1514307455,
-1515012326,
1516342346,
-1519976196,
1523038688,
-1524666587,
-1524746185,
-1525032325,
-1527452285,
-1527500602,
-1529727283,
-1531233867,
-1532798140,
1533889260,
1535877126,
1536732573,
-1537592828,
1538468084,
1539011211,
1540106601,
-1540389723,
1540746195,
1541028930,
-1541213122,
1542470117,
1543969611,
-1544416049,
-1546077914,
1546904664,
1547222855,
-1547526930,
1547625638,
-1549267147,
1549724111,
-1550675015,
-1550751076,
1550932942,
-1551754681,
-1552181320,
1552483542,
1552524796,
-1553774509,
-1554294210,
-1554613320,
1555545041,
-1556153456,
1557990811,
1558027325,
1558170287,
1558865826,
-1559647750,
-1560047292,
-1561045221,
-1561734242,
-1562102141,
1565530049,
-1566284087,
1566350579,
-1566793484,
1568751303,
1569191147,
1569991867,
-1570718917,
1572442546,
1575390387,
1576025948,
-1577303250,
-1578070406,
1579328248,
-1579850302,
-1580046245,
-1581023359,
-1582709152,
1585562257,
-1586714496,
-1587533513,
1587788647,
-1588693083,
-1588967883,
-1589338058,
-1589867067,
1592694315,
1596804431,
1596960754,
-1597228204,
-1600022047,
-1600491238,
-1600616992,
1600963783,
1601529483,
-1601902914,
1603496927,
1605792532,
-1605856032,
1605894979,
1607172278,
-1608407777,
-1610023112,
-1610032186,
-1610184015,
1610576608,
-1610952859,
-1611141838,
-1617459714,
1617659573,
1619296935,
-1619770363,
-1619839891,
1621638455,
1623038760,
-1623400028,
1624034716,
1624123332,
1624760807,
-1625141194,
1626936814,
1627953027,
-1628836710,
-1629080367,
1629990786,
-1630086421,
-1630425887,
-1631164102,
-1631460539,
1634054063,
1634824095,
-1634972031,
-1635056123,
-1635249124,
1636502232,
1636941757,
1639082995,
1641790773,
-1642571355,
1643256672,
-1646974227,
-1648406553,
1649137777,
-1652305642,
-1652517997,
-1652733477,
-1653215508,
-1653819236,
-1654547111,
1655156557,
1655515559,
1656653968,
1658467166,
-1658719464,
-1659417780,
-1659812393,
1660571279,
-1660765528,
-1661032974,
-1661893294,
1662309634,
1664032811,
-1664911883,
1665233787,
-1666689400,
1666935004,
1667566630,
1667673225,
-1668385510,
-1668784692,
-1669889644,
-1671070645,
1671190296,
1671229343,
1671479808,
1676076107,
-1676491928,
-1678105452,
-1679956930,
1687274923,
-1688368982,
-1688528337,
-1689244839,
-1689742455,
1692247906,
1693407540,
-1697688331,
1698260072,
-1699267861,
-1699358913,
1701728628,
-1705267874,
1705352656,
1705500331,
-1705947179,
-1706470386,
1708985079,
1711502064,
-1713373256,
1713709964,
-1715260252,
-1715674283,
1719194064,
-1721352500,
1721555812,
1722182137,
-1725649407,
1726946414,
1727543970,
1728263789,
1728356718,
-1728440354,
1730217699,
1731964208,
-1733126964,
1733320874,
-1733723360,
1734903715,
1737044598,
1738298659,
1739027671,
-1740368012,
1740705756,
1743511062,
1747433047,
-1748776874,
1749069088,
1751178513,
-1752124934,
-1752375476,
1752465617,
1755818260,
-1756570832,
1758515871,
-1760721175,
-1760877012,
1760899879,
1761123052,
1764011747,
-1764680872,
1767089789,
-1767605942,
-1768200306,
-1770011173,
1770453936,
-1772881648,
-1773400456,
1773831305,
-1775979113,
-1776020960,
1776356205,
1776380373,
1778278008,
1778518866,
-1779555088,
-1779764781,
-1780287003,
1780287746,
1783340188,
1784210624,
1784824804,
1785251623,
-1785398548,
1786943629,
-1787514409,
-1787614312,
-1790770515,
-1791927090,
-1791953692,
1792200684,
-1792382950,
1793698036,
-1795240946,
-1795496201,
1796052826,
-1796310679,
-1799724916,
-1800164577,
-1800279370,
1801640778,
-1803293143,
1804276982,
-1804535366,
1804614438,
1804983714,
-1805142851,
1806633645,
-1807099833,
-1807282414,
-1807937130,
-1810069304,
1810337399,
-1810830480,
-1811155270,
-1812983882,
1815992426,
1820402474,
1820656105,
1820771261,
1821107636,
1824512955,
1824677667,
1825380226,
-1826232576,
-1826985213,
-1828798361,
-1829919666,
-1831099165,
1832342120,
-1833102509,
-1833556245,
-1834215244,
-1835322197,
1837170234,
1837699336,
1837712599,
1839765407,
1840528183,
-1841819758,
1843060669,
-1843730088,
1843792719,
1846101829,
1846475442,
1847437519,
1847471678,
1847608239,
1849800821,
1849810907,
-1852065864,
1854579978,
-1856100983,
-1859259331,
1861590913,
-1861708330,
-1861715598,
-1865486703,
1865606224,
-1865632297,
-1865760505,
1865840992,
-1866147767,
-1866469825,
1866620435,
-1866736202,
-1867326575,
1867650831,
-1867656121,
-1868651599,
-1869610226,
1870103848,
1870658830,
-1870700396,
-1871643261,
-1872582076,
1873950125,
1876052904,
-1877886242,
-1878005037,
1879442209,
-1880100907,
1880778455,
-1881951012,
1883628500,
1888504559,
-1890499720,
1890972300,
1891099041,
-1893008956,
-1893604448,
1894650181,
1895864409,
1896148089,
-1898250317,
1903490360,
-1904957103,
1908229822,
-1908385785,
1908515360,
1910035218,
1910338043,
-1911900902,
-1912270814,
-1912274913,
1914673794,
-1916558676,
1916806135,
1917489741,
1917847625,
-1919571733,
-1919573525,
-1919591334,
1919759856,
1922270832,
1922339246,
1923790630,
1924564282,
1926245178,
1926569403,
-1927710113,
-1929127822,
1931121531,
-1932073565,
1933779678,
-1933819226,
-1935327070,
-1936874865,
1936880190,
-1936910024,
1937973909,
1940271534,
1940588737,
1943849881,
-1943916153,
1946884640,
-1947137950,
-1948196568,
-1948590459,
1949345469,
-1950928545,
-1953641864,
1955123360,
-1955464709,
1955686546,
-1956034361,
1956972948,
1958074938,
-1959415571,
-1959675409,
-1960359014,
1960696086,
-1962093922,
1964435867,
-1964793993,
1964977451,
-1965047477,
1965436971,
1967897079,
-1968761777,
1971028305,
-1971504751,
1972529102,
-1972547684,
1973006819,
1973031880,
1973360783,
1973675841,
1974782152,
1975289262,
1975477652,
-1977271605,
-1979984116,
-1980703844,
-1982686498,
1982918518,
-1983592427,
-1984056706,
-1984902324,
-1986460022,
-1987148626,
1987550039,
-1988358119,
-1989433203,
-1989751550,
-1993296992,
1994398242,
1996581202,
-1996721916,
-1997198505,
1997964278,
-1998408774,
-1999432947,
-2000191445,
2001718515,
2004097220,
-2004261886,
-2004409517,
2006061431,
2006154297,
-2006394749,
-2006765916,
-2006903479,
2008841882,
2011059026,
2011254693,
2013210959,
-2013766080,
2016969729,
-2017161942,
-2017820357,
-2018230702,
-2020218530,
-2020283128,
-2020687667,
-2020941012,
2021270927,
-2023364383,
-2024208478,
2025820759,
2026660894,
-2026785850,
-2029884730,
-2031210793,
-2033640687,
-2034070712,
2036054511,
2038118419,
-2039757462,
2041452582,
-2041591781,
2042085955,
-2043387530,
2043675807,
-2043875625,
2045225415,
-2045441154,
-2047289646,
-2047726937,
2048397432,
-2048734027,
2050663417,
-2050758174,
2051825721,
2053637023,
-2056938600,
-2058523929,
2058704509,
-2060145531,
-2060429465,
-2060981632,
-2061593605,
-2061945386,
-2063145592,
2064805726,
2065204537,
2066040808,
2068680975,
-2070548840,
-2070731549,
2071310587,
-2071477183,
2071917653,
2072614430,
2073428380,
-2074489233,
-2074551687,
2075146575,
-2075817065,
-2076107910,
-2077919124,
-2079085516,
2079186980,
-2079189888,
-2079306896,
-2080513084,
2080811728,
2080882098,
-2081680700,
2081976980,
2082810914,
-2083122004,
-2084067781,
2084578978,
2085594919,
2086202488,
-2086895702,
-2086934463,
-2087875506,
2088364435,
2088739462,
-2091986058,
2092738508,
2093018682,
-2093539800,
-2094549581,
-2095046457,
-2095453115,
-2096023143,
-2097727111,
-2098554994,
2098791693,
-2100926657,
2101360255,
-2102171321,
-2102503550,
2103485585,
-2105649091,
-2105973262,
2107095314,
2108210395,
-2111783658,
2111900143,
-2112870226,
-2113492667,
-2113732549,
-2114407474,
2116669792,
-2116973725,
-2117329209,
-2117536249,
2119331343,
2120492145,
-2126467154,
2126650103,
-2127480940,
2127567534,
-2128913321,
2129268927,
-2129521675,
2129759478,
-2131955571,
-2133324393,
2133663150,
2136249486,
2140898089,
2142617338,
2145664952,
2146323134,
2146768086,
