1663962,
-2285131,
-8179651,
13727005,
-23174960,
23537094,
-23611631,
28118741,
29562924,
31709670,
-37951646,
-46817758,
48760322,
50807909,
54167991,
-64761678,
-69684930,
-71558946,
-76624962,
77102414,
83403098,
92575511,
92860187,
-94334431,
103291992,
103890243,
-104654194,
-109210148,
109788235,
-111401119,
111427385,
-119288754,
-136906896,
-140530553,
-142359729,
-147024402,
-151504104,
152795861,
-161412410,
163019428,
178583450,
-181014267,
181087751,
182714067,
-186446391,
-197029303,
-203142434,
-204581582,
-208756309,
210154524,
-213799619,
217658686,
-220022182,
-221649944,
-221826232,
-222631403,
-229608531,
-230648018,
232350609,
-237825204,
240816208,
245063719,
245087945,
-248773502,
-249699293,
-252417386,
252839377,
257976411,
-259924702,
-260932373,
267490826,
-267751784,
-268318481,
272483523,
295423059,
-299858141,
-300457158,
-302935668,
304695049,
320417806,
321101989,
321482400,
-328476874,
332340275,
334330932,
-341290660,
342386551,
-345993762,
360044786,
-360299541,
-363080980,
363519781,
375302133,
-380144812,
380198496,
-380719053,
380898495,
382316397,
391300970,
395240541,
396916501,
400369845,
403182857,
-404991578,
407460518,
415496905,
418611030,
421246642,
-428643905,
440375794,
-442613116,
-445485235,
454311711,
461159356,
468897730,
-469461621,
-472755656,
-477680235,
-486616754,
-488001976,
489353182,
-491694715,
-494631771,
-494721454,
495338482,
-496538442,
499626707,
502837437,
505040812,
-513645011,
-514619082,
525059562,
526506943,
538932118,
539216681,
543561689,
545704167,
547960216,
551146046,
-552665863,
556389152,
557717587,
-560853103,
561637171,
562656329,
566369766,
-576788154,
-578422671,
589972919,
-590681793,
599914547,
605383268,
-610088391,
611733355,
-612798776,
-615785250,
631438212,
633663369,
636920885,
-646986512,
-647269483,
649944810,
-650809796,
-664998318,
-677415794,
-677994724,
680732366,
681269434,
684457072,
689635720,
-717511755,
724968896,
733752486,
-740475170,
-745841725,
-746587176,
-752832865,
-757512830,
761559758,
766758804,
773770041,
774568885,
778009769,
779178333,
-793152011,
-793676201,
-795501952,
797887349,
-798039763,
-808054380,
-811510584,
-812317782,
-813770538,
815508913,
817977594,
-819148216,
830698834,
836942243,
838353670,
-843637384,
847885883,
-849156304,
-856746632,
-859934332,
-867410893,
872261360,
-876316204,
876424843,
876792401,
883828643,
892576818,
-893198295,
897265064,
-897461183,
-899821899,
902653001,
-906016764,
-906420418,
907732504,
-907896766,
911683347,
915279985,
-919915483,
-921712138,
927327624,
-937925446,
-940220618,
941612839,
942347621,
944522840,
-955390600,
-958221895,
959266583,
-964100425,
964883126,
-971786954,
980541638,
-983794950,
984160200,
-986914724,
995944652,
-997832437,
-1014481726,
-1022775079,
-1027792231,
-1028439789,
-1028922708,
1040869579,
-1045494377,
1049629726,
-1057636872,
-1064008522,
1067044439,
-1068251393,
1068667099,
-1069025757,
-1072398328,
-1089886072,
-1102463555,
1105423845,
-1105635616,
-1106616513,
-1112880332,
-1118824887,
1127208286,
1131759563,
1133026692,
-1136323472,
-1137911440,
1147833405,
-1153128240,
1160589826,
-1163202837,
-1163576136,
-1183561408,
1185765641,
1189031668,
-1190583154,
1203964291,
-1207357052,
1215071505,
-1215079392,
1226121526,
-1228317775,
-1236605209,
-1244615323,
1258871448,
-1260760701,
-1261130576,
-1263430010,
1264009037,
1264423458,
-1268167621,
1276382365,
-1276610892,
1279879857,
1281904871,
-1285300657,
1285733085,
1285829220,
-1286565321,
1287023573,
1288428200,
1289101248,
-1302222790,
1302625144,
1311848333,
-1318640164,
-1321268967,
-1322048227,
-1324140155,
1326536492,
-1333128796,
-1337854579,
1342816838,
1344881453,
1358161711,
-1358741666,
-1364225297,
1366976125,
-1372991797,
1377906525,
-1379749602,
-1394329089,
1394969995,
-1398955858,
-1402863178,
1407074565,
-1417334963,
1424138420,
-1425458445,
1426615255,
1428548921,
-1428799425,
1432307651,
1436047098,
1438908725,
-1441029399,
-1447387101,
-1448362422,
-1467127911,
1475902850,
1477310825,
-1477410044,
-1477869630,
1486896364,
1487494060,
1495359822,
1508447019,
-1508820822,
-1515012326,
1516342346,
1523038688,
-1527500602,
-1531233867,
-1532798140,
-1546077914,
1547222855,
-1551754681,
-1553774509,
1555545041,
1558027325,
1572442546,
1576025948,
-1578070406,
1579328248,
-1586714496,
-1589338058,
-1600616992,
1600963783,
1601529483,
1603496927,
1605894979,
-1610032186,
-1617459714,
1617659573,
1619296935,
-1619770363,
-1619839891,
1623038760,
-1630086421,
-1635056123,
1636502232,
1639082995,
-1646974227,
-1652305642,
1658467166,
-1658719464,
-1659417780,
-1659812393,
-1660765528,
1664032811,
1667566630,
1671190296,
1671229343,
1671479808,
-1676491928,
-1679956930,
-1688528337,
1698260072,
-1699358913,
-1705267874,
-1706470386,
1708985079,
1713709964,
-1715260252,
-1721352500,
1728356718,
-1733723360,
1739027671,
1752465617,
-1756570832,
-1767605942,
1780287746,
1784210624,
-1791927090,
1793698036,
-1800279370,
-1803293143,
-1807282414,
-1807937130,
1810337399,
1815992426,
1820771261,
1825380226,
-1833102509,
1837170234,
1840528183,
-1843730088,
1843792719,
1854579978,
-1865486703,
-1865632297,
1865840992,
-1866147767,
-1869610226,
-1871643261,
-1877886242,
-1878005037,
1888504559,
-1893008956,
-1893604448,
-1898250317,
1903490360,
-1912274913,
1916806135,
-1919573525,
-1919591334,
1924564282,
1926569403,
-1929127822,
-1950928545,
-1953641864,
-1959675409,
-1962093922,
1971028305,
1972529102,
1973006819,
1975289262,
-1977271605,
-1983592427,
-1986460022,
1987550039,
-1988358119,
-1996721916,
-1998408774,
-1999432947,
-2004261886,
-2017820357,
2021270927,
-2023364383,
-2033640687,
-2039757462,
-2048734027,
2050663417,
2051825721,
-2056938600,
-2060145531,
-2060981632,
-2061945386,
-2070548840,
-2077919124,
2079186980,
-2079306896,
2080882098,
2082810914,
-2083122004,
2086202488,
-2087875506,
2098791693,
-2100926657,
2108210395,
-2111783658,
-2112870226,
-2114407474,
2116669792,
2126650103,
-2127480940,
2140898089,
2146323134,
