13727005,
50807909,
54167991,
92860187,
-142359729,
-147024402,
-203142434,
-222631403,
232350609,
-248773502,
-267751784,
-299858141,
304695049,
-328476874,
332340275,
-341290660,
-363080980,
380198496,
395240541,
400369845,
-488001976,
499626707,
502837437,
538932118,
-552665863,
611733355,
-612798776,
-664998318,
681269434,
733752486,
-752832865,
778009769,
-793152011,
-795501952,
-808054380,
-843637384,
876424843,
892576818,
-893198295,
-897461183,
-906016764,
-937925446,
-940220618,
959266583,
995944652,
-1014481726,
-1028439789,
1049629726,
-1089886072,
-1105635616,
-1112880332,
1147833405,
-1183561408,
1258871448,
-1263430010,
1279879857,
1281904871,
1288428200,
1289101248,
-1358741666,
-1394329089,
-1417334963,
1426615255,
-1515012326,
1523038688,
-1551754681,
-1586714496,
-1589338058,
1605894979,
1636502232,
1658467166,
1671190296,
-1688528337,
-1705267874,
-1706470386,
-1756570832,
1793698036,
-1807937130,
1820771261,
-1833102509,
-1871643261,
-1878005037,
1888504559,
-1912274913,
-1919591334,
1971028305,
-1998408774,
-1999432947,
-2023364383,
-2060145531,
-2060981632,
-2077919124,
2079186980,
2086202488,
2098791693,
-2100926657,
-2111783658,
-2114407474,
2116669792,
2126650103,
